[4.63433374e-01 1.77438992e+00 3.10427573e-01 4.99202534e-01
 8.26972104e-02 1.42143157e+00 4.31186348e+00 1.76581225e+00
 9.86207946e-01 9.19444381e-01 1.03010027e+00 3.57988143e-01
 7.91502244e-01 7.80718832e-01 1.44044498e-01 1.23190670e+00
 3.55262003e-02 1.14426063e-01 5.55731057e-01 5.49400324e-02
 1.27317019e+00 2.32285605e+00 4.70598104e-01 2.95140472e-01
 1.22420468e-01 2.09848955e+00 1.05102293e+00 2.32433629e+00
 6.47090930e-01 1.46670054e+00 2.33958274e-01 6.02852534e-01
 7.70307258e-02 3.71906739e-01 2.98059000e+00 7.12938155e-01
 8.31354750e-01 1.39957720e-01 1.33325857e+00 2.60996848e+00
 4.66286434e+00 2.48220068e-01 1.61498496e+00 4.33167857e-01
 1.17002538e+00 9.85798017e-01 1.73410081e+00 1.08838310e+00
 9.78012058e-01 3.43030043e-01 1.67804461e-01 9.26748647e-01
 1.49407996e-01 8.57486152e-02 1.72825656e-01 4.64787572e-01
 1.54876240e+00 5.42832349e-02 3.62893289e-02 1.71197825e+00
 1.13738733e-01 1.48786266e+00 3.78634068e-02 3.67194478e-01
 7.32058242e-02 1.50109496e-01 3.02053545e-01 1.44732049e-01
 7.45754373e-01 1.56691267e+00 4.24644082e-01 5.61140188e-01
 5.92643093e-01 4.75814525e-01 5.55481780e-01 1.24685999e+00
 4.59419541e-01 5.58205902e-01 1.77409097e+00 6.53499667e-01
 1.56574892e+00 2.61242834e-01 1.58265946e-01 8.95287951e-01
 2.46807297e+00 1.99541843e+00 2.32248126e-01 2.02779172e+00
 2.64838087e-02 1.79295272e+00 4.23387185e-03 1.03149227e+00
 1.14234786e+00 1.45973468e+00 1.29871799e+00 5.57259304e-01
 1.06235398e-01 3.51353374e-01 2.56331629e-01 1.30450312e-01
 1.97213466e-01 1.44523376e+00 4.96229435e-02 5.32723271e-02
 4.74000073e-01 1.13614272e+00 1.89564223e+00 3.17628215e+00
 3.79999093e-01 5.88086969e-01 5.73855204e-01 7.58930160e-01
 5.88829114e-01 3.78544689e-01 1.17286323e-01 3.88201090e-01
 2.74720836e+00 6.86481352e-01 8.38160466e-01 1.71362172e-01
 1.79788610e+00 4.20816031e-01 8.99890540e-01 2.83240077e-01
 1.58329502e+00 2.38684196e+00 1.72278149e-01 3.77457952e+00
 6.51320853e+00 2.39999267e-01 3.05418774e-02 7.93571413e-01
 4.27243718e-01 6.45222268e-01 2.28031878e+00 4.38689448e-01
 3.27617701e-01 1.49858509e+00 1.82850469e+00 4.10891731e+00
 2.19508148e-01 2.32091694e+00 8.73293819e-02 4.08651013e-01
 1.83725723e+00 8.16613076e-01 6.55532192e-01 6.63184358e-04
 4.21295877e-01 3.55450792e-02 7.72293930e-01 4.66734921e-02
 7.56237241e-01 3.61632023e-01 3.89223770e-01 2.80726291e+00
 6.84315270e-01 8.23996840e-01 9.00794447e-02 4.65862038e+00
 2.31065311e+00 3.55717229e-02 5.42521822e-01 2.69571477e+00
 1.34523286e+00 4.77269767e-01 7.56745408e-02 4.74371047e-01
 1.13098575e-01 2.04601351e-01 7.68220274e-01 8.90976533e-01
 6.96427214e-01 1.25158107e+00 4.63633785e-01 2.90847571e-01
 1.55502285e+00 2.04032610e+00 1.49274697e+00 9.91900647e-01
 1.58105287e+00 7.37132350e-02 2.07336690e+00 4.07905513e+00
 3.60301493e-01 2.44105950e-03 1.96969925e-01 9.51032858e-01
 7.88530029e-01 1.84912388e+00 6.10383123e-01 3.59959489e+00
 2.31233694e+00 2.35664764e+00 3.16319723e-01 2.44444139e+00
 1.71655233e+00 4.00513353e-01 2.83784741e-01 1.88217912e+00
 3.32652372e-01 2.42471534e+00 1.95438449e+00 4.25989229e-01
 1.19158614e-01 3.85714849e-01 1.16340222e+00 1.11914565e+00
 6.98493639e-01 1.46287963e-01 2.93494944e-01 7.49234702e-01
 3.09431176e+00 1.84088723e+00 8.60467390e-02 7.72138167e-01
 4.93073345e-01 3.13191957e+00 3.57654028e-01 2.62191354e+00
 7.76151492e-01 5.30080974e-01 1.21151030e+00 5.67327822e+00
 6.18533193e-01 2.89096144e-01 1.20301959e+00 1.34323475e+00
 5.88481752e-01 4.64606272e-01 2.04977376e+00 2.00916530e+00
 1.26927804e+00 3.90394381e-01 1.91468301e-01 1.88090024e+00
 4.72546998e-01 1.12207221e+00 2.44231589e+00 2.55962803e+00
 1.43143703e+00 5.37277212e-01 1.70669405e+00 1.98891364e+00
 1.35180316e-01 1.31262294e+00 3.28948740e-01 4.49153908e-03
 2.26762838e+00 7.32880199e-01 2.61004354e-02 4.26910997e-01
 1.76904125e-01 2.04517565e+00 1.49677195e-01 1.27981775e+00
 2.54011443e-01 2.32080842e-01 4.88227600e-01 2.57897256e+00
 9.38571583e-01 8.48305315e-01 1.26255744e+00 1.48616526e+00
 5.00769497e-01 5.85935748e-01 2.47797839e+00 6.88834517e-01
 4.44634231e-01 8.91440917e-03 1.24086574e+00 2.69507477e-01
 1.59944144e+00 2.44574699e-01 8.95174520e-01 2.84300272e-01
 2.61870307e+00 2.57502413e-02 5.15245156e-01 1.67974442e-01
 1.42760640e+00 1.29818939e+00 1.98224459e+00 5.09496927e-01
 4.06921634e-01 5.15698573e-01 3.95067411e-02 2.68018798e-01
 1.22358862e+00 5.68870993e-02 2.47017934e-01 3.76874605e-01
 1.63535928e+00 6.66508537e-01 1.33148190e+00 2.71964624e-01
 3.14766329e-01 1.59044120e+00 6.26773233e-01 4.04710383e-01
 1.30780974e-01 9.73989479e-01 4.46726353e-01 2.24415091e-01
 1.92590379e-01 2.36467248e-01 3.58590258e-01 2.76163696e+00
 1.37680057e-01 4.69139967e-01 8.54228121e-01 2.54631157e-01
 3.26043096e-01 4.61026886e-01 2.36918931e+00 7.13279639e-01
 1.04105485e+00 5.13014092e-01 1.57959567e-01 3.80101051e-01
 9.48792270e-01 4.51955423e-01 3.06611065e-01 1.89987393e+00
 6.71159602e-02 3.47975725e+00 1.62745025e+00 4.50648339e-01
 1.09558045e+00 1.13313549e+00 1.98026155e-01 1.09188119e-01
 1.93314344e-01 1.68294594e+00 4.39801718e-02 1.27460124e+00
 1.46429807e+00 6.63268690e-01 5.48446125e+00 2.97599616e-02
 1.13586831e+00 1.08721271e+00 8.01202299e-01 5.02314438e-01
 4.32073080e-01 7.80993755e-01 8.61795824e-02 1.57352384e+00
 2.63125356e+00 9.29903214e-01 4.43158835e-01 5.84994598e-02
 1.24636594e+00 6.35377156e-01 2.39295266e-01 5.43685611e-01
 2.35492218e-01 7.19973057e-01 6.51017770e-01 3.93989396e-01
 5.53183742e-01 2.82616025e+00 9.95143011e-01 5.00279685e-01
 1.16627710e+00 1.40573020e+00 1.87994939e+00 9.29478257e-02
 6.01715480e-01 1.19949208e+00 6.62237121e-01 3.51949283e-01
 4.81779025e-01 2.19533874e-02 1.91704137e+00 1.73013602e+00
 9.84442076e-01 2.33906909e+00 1.49498008e+00 2.45248455e+00
 8.61542587e-03 2.57775771e+00 3.15102736e-01 2.53513718e+00
 8.14055834e-01 9.41237644e-01 7.39954353e-01 4.67220749e-02
 1.47990765e+00 7.33116478e-02 1.60940346e-01 2.99544511e-03
 3.29772235e-01 1.01941746e+00 3.22481948e-04 7.48819834e-01
 2.18048718e+00 5.06371907e-01 3.33784345e-02 9.30720763e-01
 2.87132799e+00 9.58233702e-01 4.03094456e+00 5.08484132e-01
 3.25909802e-01 1.81558494e+00 4.14686292e-01 2.04655499e+00
 3.00681817e-01 7.88865442e-01 7.84307398e-01 7.11604537e-01
 1.53633232e-02 6.66584956e-01 2.44651952e-02 3.01021100e+00
 2.17963479e-02 4.02947490e+00 1.26768839e+00 5.20835329e-01
 3.32634883e-01 9.23716113e-01 1.80558550e-01 4.58802003e-01
 4.45578178e-01 4.10503682e+00 4.10496461e-01 1.81610320e+00
 6.42533836e-01 1.50070600e+00 4.97770245e-01 3.56684509e-01
 4.79915774e-01 8.70268477e-01 6.05699350e-01 1.14777402e-01
 9.29351236e-02 1.75597439e+00 2.50704142e-03 4.20542770e-01
 1.60215378e-01 5.51392758e-01 7.95651377e-01 5.59903501e-01
 1.06085008e+00 6.64632164e-01 2.05933066e+00 5.42136491e-01
 2.75424237e-01 9.15780861e-01 3.06426160e+00 1.83338417e+00
 1.36733410e+00 8.12301816e-01 1.30244037e+00 1.38405216e+00
 1.06853051e+00 2.18697802e-01 5.74722875e-01 2.93390612e-01
 3.04972888e+00 4.80817036e+00 1.88701007e-01 5.60937802e-01
 1.66045393e-01 2.75043196e-01 7.50433699e-01 3.72685481e-01
 3.17420432e-01 9.24539054e-01 3.69144261e-02 6.01919400e-01
 2.93367092e-02 5.79129417e-01 4.09793049e-01 6.95836508e-02
 2.00676271e+00 7.03107268e-01 3.15139946e-01 4.77845533e-01
 3.57815988e-01 3.71950370e-01 2.87024479e-02 1.31308290e-01
 2.53070849e-01 6.47033411e-01 1.79820122e-01 2.36214669e+00
 6.90088727e-01 1.39189901e+00 1.24815937e+00 7.02749566e-01
 1.03229382e+00 3.65914611e-01 1.25397713e+00 1.13176662e+00
 8.26974150e-01 2.01241705e+00 2.47518866e+00 3.14305348e+00
 3.46009561e+00 3.63119008e-01 5.53138007e-01 8.93032583e-02
 6.63090817e-02 8.76130599e-01 3.12229901e-01 3.17831162e-02
 2.57152690e+00 2.38955122e-01 1.14310679e+00 2.87090960e-01
 5.22255056e-01 8.15303667e-01 7.59031734e-01 8.52540729e-02
 3.06114658e+00 7.74623650e-01 1.97985787e+00 8.19626825e-01
 6.09381045e-01 4.16688700e-01 4.26934148e-01 6.88922330e-01
 2.17081290e-01 4.04135482e-01 9.13688612e-03 7.21918349e-01
 7.56474132e-02 7.49691590e-01 2.87788281e+00 1.68790355e+00
 2.27354024e-01 3.46237204e-01 3.30926867e-01 1.73440410e-01
 1.19601349e+00 1.55699512e-01 1.29524941e+00 1.06562763e+00
 2.61273516e+00 3.63347186e-01 1.19445458e+00 2.59412197e-01
 2.60855824e+00 9.29849898e-01 1.38380797e+00 1.67060093e-01
 3.81189364e+00 1.68178345e-01 1.55970935e-01 1.13943055e+00
 1.15567036e-01 2.42996806e+00 1.65492268e+00 1.49522617e+00
 8.67588430e-01 9.27965231e-02 1.27053190e+00 1.31881777e+00
 1.22907179e+00 2.71777518e-01 4.26500008e-01 6.37428238e-02
 2.36644168e-01 7.93247162e-01 7.26690989e-01 1.51620995e-01
 1.25855715e+00 5.58023852e-01 1.10948034e+00 7.71992119e-01
 1.91631671e+00 7.07631395e-01 5.73022559e+00 8.17920643e-01
 3.87183483e-01 2.77137636e-01 1.68324273e-01 3.21804629e-01
 7.50836211e-01 9.59879939e-01 1.84573503e-01 3.72331978e-01
 4.66232365e+00 1.00728995e+00 1.83976332e-01 1.03991537e+00
 9.16329194e-01 1.82263525e+00 1.39626358e+00 2.42007093e+00
 7.18103164e-03 2.62993377e-01 1.01518577e-02 1.58234736e+00
 3.66942283e+00 6.75061440e-01 4.59566688e-03 2.65976951e-01
 7.86307442e-01 1.21918381e-02 5.70930128e-01 1.04455793e-01
 4.48575182e-03 1.58798675e+00 1.98727014e+00 1.31156655e+00
 1.29581800e-01 2.93309840e+00 1.70465546e-01 1.23866928e-01
 7.77290874e-01 5.28616864e-01 8.06737248e-01 1.16218194e+00
 3.37939239e-01 5.45180654e-02 1.04850786e+00 1.29196337e+00
 1.00704093e+00 4.91394840e-03 2.99726100e+00 6.35937992e-01
 3.47043464e+00 6.12602598e-01 4.49063870e-01 1.56302293e+00
 1.74783392e+00 8.09012285e-01 6.28400720e-01 7.20951469e-01
 5.79700012e-01 9.43531963e-01 2.55821532e+00 1.03014704e+00
 2.65017421e+00 1.08394641e+00 1.89134240e+00 3.73927105e-01
 5.92630986e-01 7.15940255e-02 3.93819670e-01 1.24060307e+00
 1.39233798e+00 3.27070400e+00 2.38328974e+00 6.20539588e-01
 8.65564378e-01 1.24671799e-01 1.12022781e+00 5.58102656e-01
 2.02347310e+00 7.73585326e-01 1.48113521e-01 2.97325467e-01
 2.48101618e+00 6.84487693e-01 1.39924593e+00 1.59767761e+00
 1.15295464e+00 2.24830762e-01 1.43708371e+00 5.85991523e-01
 4.19408918e-01 1.58781024e+00 6.76699834e-01 1.37959645e+00
 4.98746603e-01 1.00535573e+00 2.50495619e-01 4.02112598e-04
 8.76794847e-01 7.72920073e-01 8.46319836e-01 1.43410336e-02
 5.37290112e-01 7.67243767e-01 1.02463047e+00 4.26984335e-01
 8.43749188e-01 1.32100292e-01 1.36822690e+00 5.77119684e-02
 2.51501571e+00 6.53714001e-01 2.04063011e-01 6.98165921e-01
 6.46554407e-01 6.62281760e-01 1.87377908e+00 4.14614607e-01
 4.09956680e-01 4.93533820e-01 6.13178125e-02 1.80638427e+00
 1.60818193e+00 3.47670315e-01 3.97147322e-01 6.90404759e-02
 7.51135442e-01 3.41541646e-01 1.56456421e+00 4.72715764e-01
 5.78708444e-02 5.18589777e-01 5.76778580e-01 2.60439106e+00
 1.41991215e+00 1.09044763e-01 5.49800251e-01 4.60252341e+00
 8.92456922e-01 6.58612114e-02 8.36013515e-01 1.29107753e+00
 2.01762269e-03 2.93880812e+00 3.17262895e+00 3.60360380e-01
 3.27096827e-01 1.22488534e+00 1.74685612e+00 2.18745180e-01
 5.50249596e-02 5.77345744e-01 3.64403470e+00 2.68971305e-01
 1.86708436e+00 1.09310751e-01 6.23625933e-01 2.53417619e+00
 4.85522025e-02 2.33583859e+00 1.75007183e+00 2.27162450e+00
 6.63289317e-02 2.30778734e+00 2.54330614e-01 1.55150262e-01
 1.72222129e+00 1.03708536e+00 5.03519982e-03 1.08990236e+00
 6.95119016e-02 4.14146151e-01 3.59098803e-01 2.38420561e+00
 1.84608141e+00 7.05168850e-01 6.95912474e-01 4.76092870e-01
 5.57876494e-01 2.30930842e+00 1.62767221e-01 5.87976672e-01
 4.33425471e-01 3.20772046e-01 2.59975809e-01 6.35420268e-01
 1.31480423e+00 1.75993275e+00 5.53011486e-01 1.58488360e+00
 2.86196685e-01 1.44607127e+00 8.32434172e-01 6.35066922e-02
 7.96216147e-01 2.39373954e-01 1.35456721e+00 2.90651548e-01
 1.04493643e+00 2.47338611e-01 7.04903064e-01 2.57709701e-01
 1.26033396e+00 1.32706939e+00 1.72180911e-01 2.40543374e+00
 1.33477529e+00 3.66909075e-01 6.68697522e-01 9.16411846e-01
 1.16369975e+00 1.41147478e-01 5.63526290e-01 1.98802352e-01
 2.01315069e-01 4.70494244e-01 1.15716417e+00 1.34671647e+00
 1.41498399e-01 3.47574830e-02 1.57637438e+00 6.41879586e-01
 7.26556177e-01 7.71890023e-01 1.96140619e-01 1.93887037e+00
 7.76864936e-01 1.95472911e+00 5.30375862e-01 1.04824106e+00
 2.32432794e-01 8.57442318e-02 7.18353133e-01 8.41877757e-01
 3.10945148e-01 3.25498924e+00 3.15484796e-01 1.33048724e+00
 2.20059532e-01 2.92851017e-01 4.73447048e-01 8.53845266e-01
 1.84081538e+00 7.57762086e-02 3.08262690e-03 7.81154450e-01
 4.90373298e-01 2.96345109e-01 6.44704137e-01 4.47200294e-01
 4.71525520e-01 1.50605153e+00 1.78635208e-01 2.77741014e-01
 5.74958643e-01 1.10165624e+00 1.58169185e+00 2.37407292e+00
 1.84883636e-01 1.56804654e-01 6.13131598e-01 2.91776080e-02
 3.96705340e+00 9.57157596e-01 1.39781126e+00 3.60121391e-01
 2.37074736e-01 1.10281399e+00 2.77038895e-01 1.93404751e+00
 1.64638119e+00 1.75397512e-01 5.82001192e-01 2.52149334e+00
 1.74482652e+00 2.01798945e+00 3.84774538e+00 1.11792601e+00
 4.53377761e-01 5.97112926e-02 1.70799669e+00 2.08789530e-01
 3.80523057e-01 3.98383925e-02 2.66369110e-02 4.26378741e-01
 1.63458606e-01 3.03543718e-01 9.34872349e-01 5.25486857e-01
 1.11848724e+00 7.54034182e-01 1.09494533e+00 1.20033802e+00
 1.79888413e+00 3.12100297e-01 4.56029431e-01 6.77492768e-01
 2.86252516e+00 1.42429376e+00 4.34882450e+00 4.59153916e-01
 2.09616202e-01 5.01258705e+00 1.73208244e+00 2.32966940e-01
 1.21447864e+00 2.77862590e-01 1.34220560e+00 9.09771855e-01
 2.00952649e+00 1.82112411e+00 6.63720922e-01 1.96233800e-01
 1.05950656e+00 2.29339345e+00 5.54210484e-01 3.60373824e-01
 9.65015557e-02 6.64540661e-01 3.77229798e+00 1.85849294e+00
 1.15348780e-01 8.05718910e-01 5.61345845e-02 8.30434681e-01
 2.22869970e+00 7.31786458e-01 9.81976641e-01 1.39807357e-01
 1.19573367e+00 2.14850291e-01 4.94038624e-01 2.90318333e-01
 2.14381835e+00 4.11844047e-01 3.61979240e-01 3.90373632e+00
 7.37192034e-01 6.78186664e-02 8.62103298e-01 2.87817203e-02
 2.79522155e+00 1.89547588e+00 1.10275145e+00 1.20593763e+00
 1.41266515e+00 9.55411179e-01 1.19614288e+00 6.18033464e-01
 1.90988139e+00 4.06595592e-01 2.60643159e-01 2.63593781e-01
 2.91633336e-01 1.49075832e+00 1.17149854e-01 1.81809783e-01
 2.36725910e-01 4.66354637e-01 6.03927426e-01 9.32207963e-01
 1.07686946e+00 1.25431273e+00 2.95542190e-01 8.28920046e-01
 8.77350241e-01 7.31121524e-01 1.58537359e+00 1.14709912e+00
 4.84500151e-01 6.19947334e-02 9.49789281e-01 5.98190985e-01
 1.11852292e+00 2.03532217e-01 5.64934836e-01 2.02047562e+00
 2.66379962e-01 9.13843050e-01 1.25181361e+00 8.53283021e-01
 8.33628839e-01 1.45638133e+00 1.11933244e-01 4.44526418e-02
 6.00158506e-01 1.53838791e+00 1.30854532e+00 1.50296615e+00
 8.17537725e-01 9.62580440e-01 4.32569188e-01 2.84367149e-01
 1.56215663e+00 8.03746410e-01 7.63109565e-01 4.97940911e-01
 1.89005813e-01 2.28735934e-01 1.32509262e+00 2.54481019e+00
 1.46960507e+00 5.83962333e-01 3.66138748e-01 7.44395715e-01
 2.09736255e-01 7.67195996e-01 2.05128091e+00 2.10732355e-01
 1.99968434e+00 8.85395408e-01 2.86735600e+00 2.05781498e+00
 1.20719306e+00 1.56958976e+00 1.11540495e+00 2.35404313e+00
 1.35477099e+00 1.83981049e+00 5.51432616e-01 1.03267452e+00
 3.00458819e+00 6.84970570e-01 3.18464688e-01 4.15897210e-01]