[3.40387794e+00 1.80677725e+00 1.65138247e+00 9.76204000e-01
 1.24336931e+00 4.65896401e-01 1.45737483e+00 1.86980126e+00
 2.14453084e+00 2.15819592e-01 1.66401670e+00 1.31976407e+00
 4.07140628e+00 7.55228597e-01 3.71975103e-01 1.17775417e+01
 6.88776261e-01 6.22438565e-01 2.86503252e+00 4.12697898e-01
 3.77184449e+00 5.08753892e-02 2.80452384e+00 6.95325813e-01
 1.20341566e+00 8.62259782e-01 1.21642160e+00 6.59666989e+00
 5.93877612e-01 2.16611291e+00 4.14604975e+00 6.20472991e-01
 1.19795247e+00 6.25443314e-01 4.97167283e-01 1.72311266e+00
 5.54410187e-01 1.23024946e-02 2.82770776e+00 2.92864872e+00
 3.57612606e+00 3.11004957e+00 3.53570138e+00 2.88906860e+00
 4.34064013e+00 7.55222717e-01 8.41105453e+00 3.47802923e+00
 1.45525400e+00 3.18586618e-02 1.82877120e-01 1.23586265e+00
 4.90305246e-03 8.32589224e-01 5.24980967e+00 3.28983365e-01
 9.04661969e-01 2.64931470e-01 1.21445694e+00 9.87589300e-02
 9.47264723e+00 1.45396128e+00 6.61280161e-02 1.89292780e+00
 5.75130106e+00 1.87710253e+00 2.66765988e+00 4.38606867e+00
 4.80200520e-01 7.51429751e+00 1.60025952e+00 1.57827097e+00
 2.14235134e+00 1.07414961e+00 3.65441926e+00 4.81595769e+00
 1.21223871e+00 8.46369165e+00 4.17637276e+00 3.12874907e+00
 2.37284771e+00 8.11704367e-01 2.05571905e+00 1.30071170e+00
 7.34064943e-01 3.79095013e+00 3.93149585e+00 1.69501943e+00
 2.15412022e+00 5.29020310e+00 2.15809547e-01 2.06983479e+00
 5.93943170e+00 2.85371698e-02 6.84838756e+00 1.15289161e+00
 5.30297023e-01 5.82759873e+00 1.66274968e-01 6.16637124e-01
 1.42259687e+00 1.12382413e+01 2.94435939e+00 2.79738775e-01
 3.44353613e-01 4.28319440e+00 1.85815637e+00 3.89519223e+00
 5.05632283e-01 6.23945257e+00 7.03098435e-01 3.68099718e+00
 1.96807263e+00 6.73874635e-01 7.07406466e-01 3.32069436e+00
 3.94695640e+00 1.94574455e+00 4.03184602e+00 4.15949692e+00
 5.36136671e-01 9.37625103e+00 6.89296770e+00 5.40671814e+00
 4.14325779e+00 4.05589037e+00 4.74313217e+00 7.64056947e-02
 3.80979721e-02 1.45056832e+00 2.56335541e+00 4.32698272e+00
 4.58982437e+00 1.11045672e+00 1.05156334e+00 1.25570192e+00
 6.52472826e-01 1.94032280e+00 5.33843115e+00 2.77631936e+00
 1.24616028e+00 1.79991107e+00 5.24682993e+00 1.52133446e+00
 1.06603111e+00 5.65063614e+00 4.50895556e+00 3.03883018e+00
 6.09198718e-01 1.62447508e-01 2.81036705e+00 7.98423178e+00
 6.35694967e-01 8.05950943e+00 1.87912381e-01 4.08503570e-03
 5.93383914e-01 2.85600231e+00 3.96408442e+00 9.76681769e-01
 4.92920783e+00 1.27131240e+00 2.00687186e+00 2.51794781e+00
 3.04152850e+00 6.02061435e-01 1.73146366e+00 4.34728304e+00
 6.59276333e+00 3.95620277e+00 8.17974261e-02 1.38825513e+00
 3.54552780e+00 6.07152942e-01 1.53202133e+01 7.00817615e+00
 2.26437699e-01 2.59215371e+00 1.79347582e+00 1.51868315e+00
 2.69151234e+00 4.68819014e+00 1.31113449e+01 3.22999033e+00
 2.11802209e+00 9.80337336e-01 1.41840388e-01 8.26691296e-01
 3.21712220e+00 2.59527750e+00 1.27885021e+00 1.54622951e+00
 5.25837349e-01 3.35851368e+00 3.68122488e+00 9.22390914e-01
 5.16117170e-01 4.57089039e+00 7.39861331e-01 6.50516633e-01
 1.01377393e+01 5.64989688e+00 1.51588316e+00 5.02188035e-01
 6.23785955e-01 5.35657870e+00 4.28957882e+00 6.70369465e+00
 9.15784201e-01 4.92262854e+00 6.08745487e+00 6.59770559e-01
 1.84793978e+00 1.75648398e+00 2.05138286e+00 9.97392449e-01
 9.48803443e-02 7.41182868e+00 1.09229099e+01 3.40095983e-01
 5.32235147e+00 5.64947002e+00 7.97763006e+00 1.67117647e+00
 2.29759162e+00 2.90508635e+00 6.18027636e+00 3.67220660e-01
 5.89285470e+00 1.94411811e-01 3.40286194e+00 4.07726742e-01
 1.11966784e+00 4.30833299e+00 6.82793071e-01 2.31201679e+00
 2.54605742e+00 4.26323169e-01 1.46967308e+00 3.73182447e+00
 3.73515137e-01 6.01668709e+00 1.02620811e+00 4.75983080e-01
 4.24804868e+00 1.54731094e-01 7.34318590e-01 1.24776807e+00
 6.57497663e-01 2.47754192e+00 1.57012899e-01 2.51992141e+00
 1.69521452e+00 5.59935456e+00 5.86545230e-01 1.20113716e+01
 1.17179089e+00 8.14854493e-01 4.96391316e+00 8.29249196e-01
 2.83781280e+00 4.26317153e-01 2.55980443e+00 2.72892886e-01
 6.26353715e+00 1.88800110e+00 3.79050364e+00 3.08461509e+00
 1.30678701e+01 8.83190075e+00 5.49183581e+00 3.04107930e+00
 1.42825998e+00 8.56001712e+00 3.30077932e-02 4.16860698e-01
 3.16100267e+00 2.38472167e+00 8.32122521e-01 4.87024162e-02
 2.22417291e-01 1.75506207e+00 1.31322720e-01 5.30796741e+00
 4.32395548e+00 5.30401905e-01 3.56563381e+00 3.80077939e+00
 3.85251557e+00 7.14186522e-01 2.36935941e+00 2.53339742e+00
 2.83491856e+00 6.69871047e-01 5.04722358e+00 1.08858402e+00
 2.30311051e+00 5.35653723e+00 1.49417672e+00 1.43127478e+00
 1.16190907e+01 2.00789755e+00 1.61400584e+00 3.60513569e+00
 8.50487302e-01 3.35914651e+00 2.63843575e+00 3.34569359e-01
 8.45360143e-01 8.05045273e+00 3.30662710e-01 3.23732479e+00
 2.07919130e+00 3.35569136e+00 1.42346519e+00 7.66340887e-01
 3.69169119e+00 1.64428260e-01 1.17149214e-02 5.86364987e+00
 3.63385170e+00 4.55346147e+00 8.53212839e-01 5.41159548e-02
 3.81406131e-01 9.26059661e-01 3.01365347e+00 3.73762370e-01
 3.75776002e+00 2.58696640e-01 3.04251300e+00 5.82846530e+00
 9.68722836e+00 7.95964678e+00 8.00940514e+00 2.07013723e+00
 5.01818888e+00 2.18504321e+00 7.57014996e+00 8.13096494e-01
 2.69256791e+00 3.32225979e+00 1.36546569e+01 1.50124855e+00
 1.70268540e+00 2.38197585e+00 8.27759048e+00 4.57349459e+00
 1.98137700e+00 2.21264656e+00 6.79639844e-01 1.30645766e+00
 5.55962525e-01 1.41328182e+00 1.26323569e+01 2.13326825e-03
 2.21269419e+00 1.47705082e+00 2.27272478e+00 1.69399698e+00
 1.86957439e+00 3.25349233e-01 1.40272825e-01 3.80188167e-01
 2.83031173e+00 3.29068180e+00 1.19281759e+00 1.15435218e-01
 1.13427501e+00 1.38729162e+00 1.97736530e+00 6.57543348e-01
 2.57293148e+00 2.33156999e-01 6.23579530e+00 1.89831065e+00
 7.71951159e-01 1.89587297e+00 4.83195615e+00 4.74275355e-01
 3.31271771e+00 2.83527336e+00 1.99389896e-01 3.21987882e+00
 4.74221298e-01 7.76263820e-01 1.06784601e+00 2.42736373e+00
 1.15572682e+00 2.00403970e+00 5.33615997e+00 3.43409362e+00
 8.90730081e-02 1.32885655e+00 5.51234666e+00 2.05524910e+00
 5.50517964e-01 9.22056346e-01 1.82943643e-02 5.10613382e+00
 1.63223252e+00 1.82928612e-02 5.01936650e+00 2.26254190e+00
 7.45122137e-01 6.96285948e+00 5.82041760e-01 1.91958294e+00
 1.69334823e+00 8.02180792e+00 2.32370609e+01 1.57638299e+00
 1.54823615e+00 9.27113727e+00 4.01168733e-01 2.80006987e+00
 3.17205989e+00 1.76660952e-01 6.61319936e+00 6.79162661e-01
 1.00057084e+00 2.17982937e+00 1.64606819e+00 1.81118745e-01
 3.98848872e-01 1.57997709e+00 3.21881420e+00 1.31913830e+00
 5.57075196e-01 1.60058414e+01 6.73273893e+00 1.43321334e+00
 6.89635077e-01 3.06911538e+00 1.06211103e+01 4.35201876e+00
 8.36894165e+00 5.42788862e-01 9.98366125e+00 2.23630316e+00
 1.42372953e+00 4.60432245e+00 6.98854876e-01 5.47551950e-01
 1.30044154e+00 8.99510432e+00 2.56183852e+00 5.20639382e+00
 1.22664041e-02 2.04852815e+00 6.33523343e+00 2.78069767e+00
 6.25895652e-01 5.35392653e-01 3.22729940e+00 5.35506136e-01
 1.98581407e+00 1.57000701e+00 3.49028615e+00 6.83464089e+00
 3.87751276e+00 2.25015441e+00 7.44552316e+00 1.20975527e+00
 2.80047635e+00 1.00504633e+01 4.44003265e+00 5.62524137e+00
 7.12808635e+00 4.79941672e+00 6.31710441e+00 5.31568944e+00
 1.57327236e+00 7.92159722e-01 8.79715290e+00 3.36400993e-01
 4.76145228e+00 3.17452597e-01 3.32862056e+00 8.29514396e+00
 2.10073976e+01 1.65141766e+00 1.80861514e+00 1.73966618e-01
 9.17070907e-01 2.39250229e+00 3.77480952e+00 1.84961217e-01
 3.08818639e-01 7.05256254e-01 8.61623393e-01 6.34964497e-01
 1.48807226e+00 1.44552523e+00 7.40519519e+00 5.21554122e+00
 3.50456457e+00 3.22044397e+00 4.62775537e-01 5.04368809e+00
 1.09741751e+00 6.94449891e+00 1.14377069e+00 5.70301722e+00
 3.34273791e-01 1.92315990e+00 8.92333000e-01 4.79823678e+00
 8.81831118e+00 3.33916682e-01 1.07094640e+01 6.74626381e-01
 7.16421556e+00 6.59017111e-01 5.39661528e+00 6.13531333e+00
 9.06734466e-01 2.77578642e+00 4.93740482e+00 5.15074981e+00
 4.47487799e+00 3.93490031e+00 6.38322732e+00 8.92915008e+00
 1.11870942e+00 2.20561657e+00 4.80998690e+00 1.85433313e+00
 2.85139961e+00 1.38280157e+00 5.89972982e+00 4.92890863e+00
 1.12528688e+00 4.23484671e-01 6.41383533e-01 9.37920669e-03
 2.67433735e+00 1.70530522e+00 4.87026175e+00 1.90938268e+00
 3.41250561e+00 1.43221916e+01 2.76657338e+00 7.65555134e-01
 1.09031382e-01 4.40704408e+00 4.29144611e+00 3.05784363e+00
 1.41532664e+00 3.51167075e+00 3.58141582e-01 2.01735961e+00
 1.92061047e-01 2.30745228e+00 3.13065253e-01 1.51292266e+00
 3.85237906e+00 1.37356336e+00 1.40483951e+00 7.26382026e-01
 2.88500299e-01 6.77357448e-01 7.02729613e+00 6.93718379e+00
 1.79969717e+00 8.38844043e+00 1.23566302e+01 3.44088829e+00
 5.61830506e+00 3.91402943e+00 3.22306042e+00 4.00793096e-01
 5.34938990e+00 6.90220995e+00 2.22277813e+00 1.86857692e+00
 2.56615182e+00 2.67024091e+00 5.57779335e-01 5.83377307e+00
 5.38301513e+00 8.31603273e-01 7.16097843e+00 2.14489552e+00
 2.30942206e+00 1.03362471e+00 3.08773532e-01 2.46545576e-01
 3.79379389e+00 3.44862219e+00 1.60637338e+00 5.84123546e+00
 9.08864820e+00 1.82947659e+00 1.57374961e+00 2.35599135e-01
 1.63798126e+00 8.11198811e+00 6.24150627e+00 2.95679418e+00
 6.29856205e-01 3.82169484e+00 2.89188226e+00 6.96862048e-01
 9.10259375e+00 2.47534968e+00 4.43364315e+00 4.86350407e+00
 7.88292932e+00 1.13070318e+00 1.87829941e+00 7.80923943e-01
 1.03085265e+00 6.52846341e+00 1.59636417e+00 1.92678057e+00
 1.17115804e+00 1.35172296e+00 6.34692575e+00 4.83033733e-01
 4.40196565e+00 2.85647272e+00 1.51565278e+00 2.97812627e+00
 5.08062005e+00 2.17443810e+00 1.24731913e+00 1.78559697e-01
 1.18774126e+00 4.56059080e+00 2.49132887e-01 2.00713206e-01
 5.12201202e+00 2.74424415e+00 6.69880533e+00 3.78087557e-01
 6.60885063e+00 4.18822005e+00 2.77403073e+00 1.01427883e+00
 1.12129439e+00 1.97474475e+00 4.24785998e+00 9.14539822e-01
 1.32755691e+00 1.64318053e+00 1.35787456e+00 1.47991391e+00
 2.25252706e+00 2.23674408e+00 1.16647213e+01 1.39637874e+00
 9.32437633e-01 7.25603090e-01 2.27726379e+00 1.85256671e+00
 4.88336108e+00 5.50849741e+00 3.35521153e-01 2.62019360e-01
 1.94304318e+00 6.69254634e-02 7.23492675e+00 4.77906754e-01
 6.17307662e+00 1.36793599e+00 2.87666909e+00 1.32505537e+00
 6.59610673e+00 8.06406001e+00 2.19468118e+00 8.73353023e-01
 2.63777355e+00 7.62768834e+00 4.35654981e+00 1.45364175e+00
 1.29612446e+01 1.26511119e+01 6.58562986e+00 3.61240395e-01
 8.41602272e+00 4.68683256e+00 2.00923690e+00 3.54753323e-01
 3.46476961e-03 3.66854088e+00 7.69154502e-01 2.06921005e+00
 3.80968101e+00 2.95124506e+00 1.03783501e+01 1.42518638e+01
 4.13209784e+00 4.40298584e+00 1.51465837e+00 5.68732139e-01
 4.60859768e+00 5.07871329e+00 5.05792553e+00 1.46459684e+00
 6.75006876e+00 7.56447068e-01 8.52203489e+00 4.90127185e-01
 5.73199166e-01 3.05289092e-01 2.17456458e+00 5.60507746e+00
 1.60710247e+00 6.36573993e-01 3.68852337e+00 5.28581481e+00
 2.14863922e-01 2.61782370e-01 1.54040236e+00 1.48281100e+00
 3.58379180e-01 7.72943751e-02 2.88726234e-01 8.17082817e-02
 2.98681072e+00 1.40836445e+00 5.25162790e-01 5.91175922e-01
 1.45134071e+00 1.20483126e-01 3.03986448e-01 2.74504077e-02
 5.15723165e+00 4.12666462e+00 2.47341170e+00 7.03001828e-01
 6.32490302e+00 7.28961403e+00 1.24468921e+01 1.78167522e+00
 3.61810181e+00 9.63304557e-01 7.01707289e+00 1.90365082e+00
 4.50086076e+00 1.46178133e+00 8.05447506e+00 6.83107854e+00
 2.15794695e+00 4.53222146e-01 5.95207324e-01 4.94837052e+00
 9.12579753e-01 2.21127144e+00 1.55404539e+01 3.39583325e-01
 6.62435206e+00 2.76687505e+00 3.30616517e-01 6.11654199e+00
 1.07571457e+00 2.65614501e-01 2.85310527e+00 1.63001391e+00
 3.19105399e+00 9.21095265e-01 3.04740715e+00 2.36433340e+00
 4.62123116e+00 1.26446315e+00 2.76423220e+00 1.76153674e+00
 1.33314399e+01 2.78234837e+00 5.73860118e+00 2.16655105e+00
 3.90319805e+00 2.62306079e-01 1.22682860e+01 7.59600288e+00
 2.16110639e+00 9.87210457e+00 5.39612492e+00 3.17622599e-01
 2.41928477e+00 4.60004364e+00 4.33470355e+00 2.02870663e+00
 6.17664804e-01 1.57691273e+01 7.57104798e+00 3.46566665e+00
 2.65335669e+00 8.96563201e+00 2.19674969e+00 7.59464561e-02
 2.96678325e+00 3.66047625e+00 1.25291919e+00 1.58048508e+00
 1.95490388e+00 4.19206609e+00 3.02072857e+00 6.67443044e-01
 2.00809450e+00 5.59839666e-01 1.73578368e+00 3.01495248e-01
 4.80896636e+00 3.31956622e+00 3.49028119e+00 1.03642648e+00
 3.40509448e+00 3.62555314e+00 2.43786010e+00 4.47088919e+00
 1.50375710e+00 8.14939649e-01 1.21720114e+01 2.11310108e+00
 1.76161106e-01 2.75166887e+00 6.66555184e-01 3.64041747e-01
 3.82504850e+00 9.39316109e-01 4.95174008e+00 6.17842988e-01
 1.10915165e+00 1.14758262e+00 2.37368889e+00 6.11731654e-01
 3.14791695e+00 1.33738617e+00 3.68549765e-02 9.31170285e+00
 3.99241916e+00 3.52617546e+00 2.56288341e+00 1.38554890e+00
 6.16096194e+00 3.63433468e+00 4.99983161e+00 1.03676413e+01
 3.00282602e-03 9.11066361e-01 1.23762177e+00 1.70561019e+00
 6.74955397e+00 6.33204820e+00 1.01462342e+01 7.31693626e+00
 9.14307736e-01 8.26917796e+00 1.63108730e+00 1.12340707e+00
 6.32982306e+00 1.86561944e+00 2.55387672e+01 2.06557798e+00
 1.38526045e+00 4.27745173e+00 8.87399449e-02 4.96719272e-01
 7.52818169e+00 4.86239711e+00 1.85901173e-01 7.03642657e+00
 2.40826570e+00 2.78870738e+00 1.50251214e+00 5.01813341e+00
 5.26134599e+00 4.66711425e-01 6.31321891e+00 2.45927463e+00
 2.09779467e-01 3.30275707e+00 2.21129341e+00 7.95009878e+00
 1.35641016e+00 1.47947039e-01 1.57591895e+00 1.65306792e+00
 3.76716573e-01 4.49002840e+00 1.16150316e-01 3.58617862e+00
 2.47054579e+00 7.30273475e-01 1.99746496e+00 7.27763844e+00
 8.12135964e+00 3.74555995e+00 3.27175468e+00 3.80405540e-01
 6.93757363e-03 5.13448005e+00 6.21911277e-02 1.48399634e+00
 2.17728357e+00 2.80920742e+00 2.47449375e+00 7.05638364e-01
 1.33994514e-02 3.40763574e-04 4.48248267e+00 3.61905053e+00
 2.56460391e-01 2.89627021e+00 8.38211355e+00 5.39701393e+00
 6.22673310e+00 1.26047397e+00 1.47192165e+00 5.56474014e+00
 2.85950330e+00 7.67108970e+00 2.39639753e+00 3.59117007e+00
 4.32051259e+00 2.98036223e+00 8.12328812e+00 3.18351614e-01
 2.10723251e+00 1.22863137e+00 3.62795413e+00 3.75023290e-01
 3.16780403e+00 4.94172747e-01 1.39662518e-02 4.54582169e+00
 4.18207408e-01 6.66549779e-01 1.97355170e+00 5.72786980e+00
 5.28629189e+00 1.46401252e+00 4.77780452e+00 1.57781445e+00
 2.01832466e+00 7.68706437e+00 7.06630535e+00 4.57029215e+00
 9.24516215e+00 2.52053945e+00 6.19545130e-02 1.09136635e-01
 2.16262333e+00 5.81867937e+00 2.22086443e+00 1.34694444e+00
 3.54905324e-01 3.66107021e+00 2.86628769e-01 4.20231901e+00
 6.66872418e-01 3.30686814e+00 4.87104495e+00 3.14312138e-01
 3.24930413e+00 1.05208009e+00 1.07916993e+00 4.67443451e+00
 8.54880465e-01 2.24469277e+00 3.87114100e+00 3.38498741e+00
 1.03358498e-01 4.34759228e+00 9.89467418e-01 1.36402132e+00
 1.71628841e+00 9.58687380e+00 2.54703793e+00 8.14282375e+00
 4.34095761e+00 1.13517648e+01 1.15292437e+01 4.21177197e+00
 1.42838129e+00 3.53202882e+00 2.54376096e+00 4.74704685e+00
 1.65773136e+00 2.89410748e+00 3.21988709e+00 4.86149254e+00
 1.57970285e+00 2.99522332e+00 1.06413480e+00 1.13784437e+00
 4.30572551e-01 2.03150426e+00 2.58723038e+00 1.28837153e+00
 7.11700770e-01 1.54613094e+00 1.63369380e+00 5.97114103e-01
 2.11322529e+00 2.90987975e+00 1.93152297e+00 2.69685356e+00]