[1.87459177e+00 5.06396998e-01 5.38818909e-01 4.45055858e-03
 6.67575576e-01 7.72501706e-01 1.10550588e+00 8.87616855e-01
 4.55393829e-01 6.03634936e-01 4.81333843e-01 1.43744591e-01
 4.47043863e-01 2.72447166e+00 4.00136671e+00 1.47211447e+00
 2.79275645e+00 6.76108977e-01 2.66940327e+00 1.74185196e-01
 6.75705454e-01 7.38524204e-01 6.92130700e-01 1.48847420e+00
 8.96339925e-02 1.70921332e+00 3.34593141e+00 1.38164472e+00
 1.35110764e-01 1.74089802e+00 4.41943791e+00 2.66477781e+00
 9.51935087e-01 3.85179645e-01 2.37124806e+00 2.73922425e-01
 2.58565580e+00 2.28063596e+00 5.09153101e-01 6.31255201e-01
 4.01473773e-01 3.91188208e-01 1.14845528e+00 4.15021046e-01
 1.74848780e+00 2.40529870e-01 7.80100344e-01 2.75363360e-01
 2.30701525e-01 2.87894195e-01 1.44384928e-01 1.34025130e+00
 1.19721593e+00 2.58123948e+00 2.44441967e+00 2.07149422e-01
 4.70699463e+00 2.76745781e+00 6.42031272e-01 9.92138719e-01
 1.26710253e-02 4.13196662e-01 1.44877326e+00 2.99147147e-01
 2.97933069e+00 6.64649729e-01 3.63872402e-01 2.89750451e-01
 7.43025263e-01 1.05491538e+00 5.19874269e+00 6.99182727e-02
 1.01006536e-01 2.27271725e-03 1.24147494e-01 8.57407753e+00
 7.46040578e-01 4.81282631e-01 2.58243664e+00 2.96600753e+00
 3.77883230e-01 2.60565563e+00 5.17336329e-01 1.87324767e+00
 5.26955710e-02 4.09507654e-01 5.68318152e+00 8.27703254e-01
 2.38824165e-01 4.31917156e+00 5.96623947e-01 1.40270810e+00
 4.51938751e+00 6.74859170e-02 8.73548834e-01 7.68238994e-01
 5.89043208e-02 1.70347796e+00 4.56260612e-01 1.17076404e+00
 1.54093889e+00 4.71561586e-01 6.55317133e+00 1.01876771e+00
 5.78740318e-01 2.43685416e-02 1.62213053e+00 2.14014298e+00
 1.70603737e-01 5.72027680e-02 3.04318452e-01 2.90245409e+00
 2.76079462e+00 2.29243114e+00 4.75183783e-01 2.79343586e+00
 1.02734846e+00 2.02722125e+00 7.45491742e-02 2.53158079e+00
 2.71912860e-01 4.09853583e-02 3.09078232e+00 1.31661693e+00
 2.68033779e+00 1.05095780e+00 9.77511053e-01 3.17097401e+00
 1.63296559e+00 3.87949212e+00 2.51104271e+00 1.27230685e+00
 6.67102071e+00 3.89639293e+00 4.09059095e+00 1.46592549e+00
 3.06697460e+00 2.43094386e+00 1.50327486e+00 4.32931869e+00
 1.63023641e+00 7.19239001e-01 9.91683903e-01 3.14461782e+00
 4.08563039e-01 9.63628633e-01 1.55877504e+00 9.09296743e-01
 1.99761748e-01 5.87621722e+00 3.86193603e+00 9.43245714e-01
 1.35024578e+00 1.31606353e+00 1.02428757e-01 9.52606126e-01
 1.88190434e-01 3.46939328e+00 2.90994789e+00 3.72589920e+00
 3.04228362e-01 3.80014187e+00 1.46015810e+00 8.74003869e-01
 3.72094907e-01 1.31698049e+00 5.60218913e-01 2.21895852e-01
 5.27333211e-01 5.45038026e-02 1.49357635e+00 6.81659713e-02
 7.94227798e-01 4.18481481e+00 3.01588089e+00 4.99585360e-01
 9.71102996e-01 4.72577585e-01 5.09750549e-01 2.29108829e+00
 2.28834410e+00 3.78086414e+00 5.77687483e+00 2.79608834e-01
 9.12158723e-01 2.26908016e-01 1.83759719e-01 4.71429655e-01
 6.56649336e-01 2.45965765e+00 6.05809409e-01 1.90363350e+00
 8.80240274e-01 1.51552740e+00 1.05633621e-02 1.33716045e-01
 3.72603057e-01 2.63467664e-01 3.87006537e-01 3.69160942e-02
 1.80067898e+00 2.83368987e+00 7.49180259e-01 3.31975371e-01
 3.09293932e+00 2.06118144e-01 3.56558246e-01 4.67918638e+00
 6.50377511e-01 4.71380431e-01 4.04915351e+00 1.13338813e+00
 2.59714229e+00 8.83549490e-01 1.99989249e+00 1.84873251e-01
 2.69185452e-01 5.65541036e-01 4.08197946e+00 2.87667659e-01
 4.84684638e+00 1.82771950e+00 1.50826304e+00 2.59063248e-01
 4.37796441e-01 5.23530221e-01 4.44401599e-01 3.08166530e+00
 4.51719562e-01 1.55776256e+00 4.84478884e+00 1.01170073e+00
 2.63530997e-02 1.41062306e+00 2.32517467e+00 1.68942997e+00
 2.10334738e+00 3.25056253e+00 3.81915212e-01 6.25049463e+00
 2.06483660e-01 2.21871255e+00 5.70809398e-01 4.03626798e-01
 2.57172917e+00 2.97495897e+00 5.16268147e-01 6.76148071e-01
 2.83408725e+00 3.24762657e-01 9.42059936e-01 3.41735211e+00
 6.65711797e+00 8.92962380e-02 1.81240924e+00 1.63638498e+00
 2.64876076e+00 5.12204106e-01 2.84748400e-01 2.34501978e-01
 1.57073709e+00 7.41058561e-01 3.39998831e+00 1.09977652e+00
 9.69903833e-01 1.85651960e+00 2.71787850e+00 5.99596638e-01
 3.16507512e-01 2.49170274e+00 3.43973448e+00 1.93238710e+00
 7.41312624e-01 9.16401447e-01 9.75376238e-01 1.59608222e+00
 1.00817144e+00 2.86422613e+00 1.38043894e+00 1.99435233e+00
 1.68697166e+00 8.06616360e-01 1.72109999e+00 3.69236649e+00
 5.90682163e-01 3.43540021e+00 2.59358776e+00 2.54702830e-01
 7.30528953e-01 6.27730478e-01 5.66211313e-01 9.33057247e-01
 3.27120425e-01 6.14465716e-02 5.35255137e+00 2.81430913e+00
 1.81759107e+00 1.61235025e+00 2.20306371e-01 3.56311709e+00
 1.32451330e-01 1.14804619e+00 9.82619765e-01 1.16471962e+00
 5.09617775e-01 1.13011197e+00 6.43719567e-01 3.24077149e-01
 2.82890244e+00 1.32807866e+00 4.26480965e+00 1.20524431e-01
 5.88458355e-01 2.05282302e+00 2.04786215e+00 1.92763300e+00
 2.75005323e-01 2.15250424e-01 7.47423605e-01 8.04267513e-01
 1.17641556e+00 4.56156034e+00 1.07292390e+00 1.21726827e+00
 1.38836945e-01 1.30420715e-01 7.05252006e-01 1.18971293e+00
 1.23805617e-01 1.34353634e+00 4.96829716e-01 1.76789062e+00
 1.87531783e+00 4.10678621e+00 1.56365333e-01 3.44001857e+00
 3.64571041e-01 3.09994078e-01 2.51400137e-01 1.25231356e+00
 9.46533870e-01 3.31656945e+00 2.28726178e-01 6.06804160e-01
 2.57113054e+00 1.70685206e+00 7.55573282e-01 4.25310008e-01
 7.03374717e-01 1.10973343e+00 1.21284687e+00 5.82031787e-02
 1.44143682e-01 2.53986161e+00 3.85766941e-01 6.65600163e+00
 1.73358110e+00 1.99677851e+00 1.98164501e-01 3.31867370e+00
 1.29079892e+00 2.01927105e+00 3.89145281e+00 4.66245343e-01
 2.02395929e+00 1.28853308e-01 4.32684660e+00 1.71444603e+00
 3.04339539e+00 4.19609745e-01 7.14740121e-01 2.42443728e+00
 1.90236624e+00 4.50838310e-01 2.62748550e+00 8.33847432e-01
 8.13652437e-01 2.63224124e+00 1.12651599e+00 2.71796438e-01
 5.49780587e-01 1.13722150e+00 1.09982671e+00 5.59678051e-01
 1.18425439e+01 1.03413197e+00 7.85467207e-01 1.65791117e+00
 1.01654351e+00 4.31855138e-01 1.19248829e+00 2.09112369e+00
 1.14936692e+00 7.05237645e-01 2.02427099e-01 1.38263522e+00
 3.64505924e-01 4.42060819e+00 1.66517273e+00 5.73632782e-01
 3.29504007e-01 6.38171952e-01 1.48683629e+00 1.62446993e+00
 1.31887916e+00 8.80720072e-01 1.61894534e+00 1.57259755e+00
 1.56077361e-01 1.38731649e+00 3.65700350e-01 8.39162443e-01
 1.53746280e-01 3.21967895e+00 8.94756904e+00 3.46597027e+00
 2.02568349e+00 2.82296046e+00 3.71266884e-01 8.45444901e-01
 1.91973907e+00 6.98284602e-02 2.73377745e+00 2.44167846e-01
 2.14368094e+00 4.76285974e-01 9.51896543e-01 1.58835112e+00
 3.15577080e+00 7.86641959e-01 2.91706567e+00 6.86100667e+00
 1.32451303e-01 1.43382862e+00 1.26308982e+00 1.98265571e+00
 3.62291450e-01 4.85003271e-01 8.60731738e-01 3.13077624e-01
 1.58234724e+00 9.21862120e-01 1.10075684e+00 2.09693091e+00
 1.48092217e-02 9.32535513e-01 1.64661243e+00 1.28826057e+00
 6.37788206e-01 1.26455788e-01 2.48297074e-01 4.69278537e+00
 3.23501926e-01 7.18018107e-01 1.36524041e+00 2.41894691e-01
 2.29180254e+00 1.47304024e+00 3.55469784e-01 1.52525909e+00
 7.17154182e-01 1.60899293e+00 2.70229613e+00 1.24450824e+00
 1.75398505e+00 2.44760158e+00 1.08041376e+00 7.60166090e+00
 4.06508799e-01 3.03549811e-01 1.30044522e+00 1.25395767e-01
 7.78532193e-01 2.26522296e+00 9.69209653e-02 2.06358024e+00
 6.74886932e+00 9.82993739e-02 9.63644703e-03 1.43188725e+00
 1.88237411e-01 1.49922133e-01 2.44182447e+00 2.50782494e-01
 3.43495892e-01 1.92407972e+00 8.67462316e-02 3.30278361e-01
 1.88760500e+00 1.04809886e+00 1.10043823e+00 1.82573549e+00
 3.41680378e+00 7.35316959e-01 1.33913033e+00 1.11435136e+00
 3.56892990e-01 7.16411821e-01 4.79108282e-01 8.85690807e-01
 1.64046590e-01 1.59115663e+00 4.46541151e-01 4.54419514e+00
 2.77997237e+00 1.84608923e+00 6.32688302e-01 1.19582387e+00
 1.80674553e+00 7.88255241e-04 7.68687650e-01 4.22355370e-01
 1.54548732e+00 2.30704183e+00 1.01681264e-02 1.47727237e+00
 3.53313848e-01 8.02592082e-01 1.49283813e+00 1.63087015e+00
 5.37380231e-01 1.82784420e+00 2.02422339e+00 4.97950235e+00
 2.48688808e+00 1.69255976e-01 1.95758347e+00 5.51492690e-01
 1.87838261e+00 2.73681758e+00 3.22193668e+00 3.60191585e-01
 5.78566101e-01 2.21203030e+00 1.36902441e+00 1.17726459e+00
 2.67319167e+00 1.40440882e+00 3.10350446e+00 7.86270313e-03
 1.46842485e-01 1.87997950e-01 8.12023214e-01 2.04608026e+00
 3.67369104e-01 6.41680428e-01 1.81771695e-01 2.74395325e-01
 2.78824004e-01 8.87890082e-02 7.24789337e-01 8.76221468e-02
 1.95336514e-01 2.83611240e+00 1.57928053e+00 6.81740795e-01
 1.72708321e-01 5.70670701e+00 4.22775544e+00 3.29121510e-01
 1.62989861e-01 1.42477500e+00 2.61641115e-01 4.25657137e-01
 1.07285668e-01 3.46449538e-01 8.83733162e-01 9.57436575e-01
 5.99551260e-01 2.14490528e-02 1.26386381e+00 2.20976166e-01
 2.95320673e+00 1.25752467e+00 2.57297090e-01 8.05463045e+00
 1.88071200e+00 1.84981291e+00 1.49132257e+00 3.26829035e+00
 1.44049631e+00 3.13566541e+00 2.96685831e+00 1.11998262e+00
 6.11377733e-01 4.36140668e+00 4.21954883e-01 1.20779529e+00
 3.20234723e-01 1.17987554e+00 2.92876938e+00 1.42731869e-02
 6.23354241e+00 2.90889797e+00 1.82080771e+00 2.81204444e+00
 2.25025606e+00 1.19870818e+00 1.66413222e+00 9.65240893e-01
 5.61780140e-01 1.21214376e+00 5.34516539e-01 1.42540880e+00
 5.06693672e-02 2.86543510e-01 1.93251965e+00 1.25316931e+00
 3.07867829e+00 3.77690330e+00 1.12277016e-01 6.60932170e+00
 1.85041119e+00 1.80182530e-01 2.71320880e-01 1.75601337e+00
 5.60716784e-01 5.25283857e+00 9.44173525e-01 4.53419237e-01
 7.98761951e-01 1.57839564e+00 2.12812140e-02 8.05377297e+00
 8.25584893e-01 3.50071670e+00 5.57735365e-01 1.62617891e+00
 3.03200094e+00 3.31350951e-01 1.28695769e+00 4.39240197e-01
 2.50165742e+00 8.16780129e-01 3.90623329e+00 8.73357166e-01
 8.35734061e-01 2.27610929e+00 4.87222273e+00 1.11960792e+00
 1.35847545e+00 1.88391976e+00 4.51833927e-01 4.65456051e+00
 1.27762021e-01 1.87290000e-01 1.87329773e+00 3.93530262e-01
 2.69458675e+00 3.38310939e+00 1.79834147e+00 4.31984032e+00
 1.17662262e+00 4.53175046e-01 1.31056946e-01 4.79815691e-01
 1.36863533e+00 2.85516844e+00 1.15863448e+00 1.42755675e+00
 2.43624025e+00 9.79272511e-01 1.48085122e+00 2.77953843e+00
 3.66882811e-01 6.83639707e-01 1.04638361e+00 1.93318349e-01
 1.17678792e+00 9.15747358e-01 8.27198630e-01 3.25107584e+00
 3.82381923e-01 9.99273083e-01 1.12956737e-01 1.94055706e+00
 5.46052903e-01 6.49146466e-01 3.74553840e-01 1.25648921e+00
 1.56625992e+00 2.65319723e-02 3.04791760e-01 6.44249217e+00
 2.32692694e+00 2.99473235e-01 9.08190275e-01 1.16158880e+00
 1.57586649e+00 2.08353649e+00 1.29200184e+00 8.88182351e-01
 3.76230049e+00 1.10772916e+00 2.66769879e+00 3.06873717e+00
 1.99013011e+00 2.70545083e-01 2.33787760e-01 5.84092128e-01
 2.76022835e+00 1.70696058e-02 2.68674432e+00 4.19738298e-02
 7.75512558e-01 1.61875609e+00 4.93067545e+00 9.74946154e-01
 3.98548727e+00 2.52191528e+00 2.49119534e+00 1.86194597e+00
 4.00416653e-02 1.56548282e+00 2.67012637e+00 1.21663880e+00
 2.03952118e+00 8.40249156e-01 1.78102577e+00 3.16930484e-03
 1.29617787e+00 7.54038352e-02 2.40293563e-02 1.69727116e+00
 3.40910354e+00 5.86902647e+00 1.90897305e+00 4.08245617e-01
 7.96413946e-01 2.61471813e-01 1.10423278e+00 4.22545247e-01
 4.20995328e-01 1.90409311e+00 4.90803105e-01 4.58598267e+00
 2.51029874e-01 1.85695090e+00 1.71288670e+00 3.27349302e-01
 8.19955457e-01 1.34023394e-01 4.08270120e-01 8.70425430e-02
 8.38236137e-01 2.06197179e+00 1.93216489e+00 4.76421077e-01
 1.45779220e+00 6.86919009e-01 6.68854218e-02 2.23427489e-01
 8.42030409e-01 6.66963452e-01 1.84610149e+00 6.41586255e-01
 1.02227331e+00 6.27415682e-01 5.31952855e-01 2.02706179e+00
 1.53232770e-01 2.23853492e+00 8.73933373e-01 4.30182560e+00
 3.32229819e+00 9.33565562e-01 2.10736240e+00 1.66358777e+00
 4.38874559e+00 5.34253676e-01 4.49732304e+00 2.58215469e-01
 8.70957364e-01 5.83732994e-01 5.84604196e-01 5.12406357e+00
 4.90134271e+00 8.67295982e-01 8.11223986e-01 2.56631218e+00
 1.76720929e+00 3.58444001e+00 5.44444476e+00 8.49293069e-01
 5.28212884e-01 8.01978356e-01 1.97868205e-01 1.59138183e+00
 1.29455789e+00 2.86288499e+00 1.35611967e+00 9.85292835e-01
 8.35574870e-01 2.41556159e+00 7.29051269e+00 6.67580324e-01
 9.77870454e-01 1.52151229e+00 7.37511338e-01 3.53285541e+00
 8.65710287e-01 5.56002901e+00 1.79264269e+00 3.31122839e+00
 5.22158500e+00 1.78969766e+00 6.48521785e-01 1.49738651e-01
 1.77842762e+00 1.73565922e+00 9.62752344e-01 7.55352308e-02
 1.94574330e+00 8.43579696e-01 2.39823561e+00 3.99202067e+00
 5.14552965e-01 2.74187118e+00 1.08522339e-01 3.28188459e-01
 4.16169890e-01 2.05047743e+00 3.45539547e+00 3.13365692e-03
 9.68730627e-01 2.27054864e+00 1.50688325e+00 1.35885796e-01
 4.07850568e-02 8.68107139e-02 6.19438616e-01 5.40127843e-01
 2.27934746e-01 2.92727076e-01 3.00031634e-01 3.34065989e+00
 2.20349800e+00 4.53667810e-01 2.30596118e-02 2.67744808e+00
 5.31853277e+00 2.29781631e+00 4.54137424e-01 1.94432247e+00
 5.66694332e-01 4.95346869e+00 3.99450527e+00 2.11835243e+00
 1.90827996e+00 1.89542580e+00 6.13023100e-01 3.46194986e+00
 9.47714110e-01 4.99005502e-01 1.01077363e+00 4.30202535e-01
 1.55514474e+00 2.38805941e+00 7.33399161e-01 1.94810866e+00
 4.90667275e-01 4.17832976e-01 3.16617291e-01 3.49458870e+00
 3.76456105e-01 9.77061173e-01 3.90472753e-01 5.37324266e-01
 9.27212775e-01 2.05030751e-01 3.46328527e-01 1.09731446e+00
 1.23637435e+00 2.17175835e-01 2.86173179e-01 4.59070000e-01
 9.05016693e-01 3.23600176e-01 5.62593308e+00 4.72862112e-01
 4.81834885e+00 4.42120114e+00 1.12594349e+00 2.41219466e-02
 1.41814567e+00 1.93445560e+00 9.48180351e-01 2.66200876e-01
 3.04475328e+00 1.03364975e+00 1.70459159e+00 1.61362035e+00
 8.40222068e-01 4.29834195e+00 2.56935026e-01 1.94757025e+00
 2.23901154e-01 2.37786233e+00 3.89780052e-01 2.52749194e+00
 2.71442820e-01 1.23607087e+00 2.13264576e+00 3.64762442e+00
 1.75832341e+00 1.11534828e-01 2.66026728e-01 2.32859340e+00
 1.88212841e+00 1.35806661e-01 2.38088531e-01 1.50913703e-01
 2.32781715e+00 4.67641839e-02 2.47782879e+00 7.15417037e-01
 6.58417823e-01 1.22324647e+00 5.36631499e-01 4.58189679e+00
 2.51324886e+00 5.45588409e-01 1.86129966e-01 1.03490731e-01
 1.48650304e-02 1.48364720e+00 3.05247376e+00 1.71700949e+00
 1.15862269e+00 1.67556481e+00 9.71823483e-01 4.48866696e+00
 4.17800884e+00 6.34056157e+00 1.79227560e+00 1.22517055e+00
 1.27857313e+00 1.50875934e+00 7.10347805e-02 9.08814225e-01
 2.97751001e+00 2.61572008e+00 1.19601031e+00 4.50290564e-01
 4.28141678e-01 1.54060418e-01 2.82628595e+00 2.47274238e+00
 4.39145805e-01 9.00018583e-01 5.13306494e-02 2.11150397e+00
 2.86976385e+00 1.84250093e+00 4.68448819e-01 1.07366821e+00
 2.77093472e+00 1.64658472e+00 2.33725212e+00 7.82937461e-01
 5.54427167e-01 5.71132678e-01 4.26357571e+00 1.88725331e+00
 1.63100104e+00 6.16758722e-01 6.52243190e-02 1.12608727e+00
 2.35115377e+00 1.40505580e+00 2.13176408e+00 2.22322162e+00
 8.32335142e-02 4.85847295e-01 5.28434566e+00 4.25132028e-01
 1.30289686e+00 5.32771372e+00 2.35747586e+00 4.77200261e-01
 3.83144468e+00 1.05739177e-02 3.95010605e+00 1.21764283e+00
 8.84847589e-01 2.46086935e-01 1.54159523e+00 6.14871874e+00
 3.62343560e-01 4.59753605e-01 2.24467636e+00 7.25890350e-01
 1.07526565e-01 4.30008035e-01 2.23958233e+00 2.29899277e+00
 9.74476025e-01 2.20490212e+00 2.77984154e-01 1.47578882e+00]