[9.70346887e-01 1.04193038e+00 3.58830548e+00 4.31573493e-02
 1.59977572e+00 1.97144866e+00 1.12405657e+00 4.56904444e-01
 6.16845503e+00 3.18311845e-02 3.43909529e+00 2.27351618e+00
 1.61776103e+00 4.63038343e+00 1.31278467e+00 1.07625557e+00
 2.59090254e-02 1.70489417e+00 1.95439975e+00 1.26880636e+01
 8.52767333e-01 6.59156239e+00 2.07908663e+00 7.55647248e-01
 8.98513194e-01 2.12544312e+00 1.39072903e+00 4.88778103e-01
 2.25680102e+00 3.99931630e-01 1.77816299e+00 3.11461361e-01
 2.48482846e-01 2.54147961e+00 6.44077860e-02 5.38142698e-01
 1.40446112e+00 4.30967452e-01 2.18603237e+00 1.41594465e-01
 1.76117479e+00 6.13863112e-01 9.06047488e-01 3.54656476e-01
 8.14093262e+00 1.64983670e+00 2.05694387e+00 8.19850332e-01
 1.55508978e+00 5.54311406e+00 4.55172750e+00 1.43285581e+00
 4.49940921e-01 4.12300477e-01 2.09618593e+00 1.63266265e+00
 2.17792584e-01 1.23924420e+00 5.26295459e-01 1.94396452e+00
 4.58552976e-01 1.34054361e-01 5.35925950e-01 1.00814880e-01
 3.08426340e-02 3.11361503e-01 2.40834730e+00 4.88689076e+00
 2.26136055e+00 1.72631363e+00 3.68672023e+00 6.69189746e+00
 3.25057566e-01 3.28981392e-01 1.95692811e-01 5.63329297e+00
 1.93079719e+00 1.74880038e+00 2.43433020e+00 1.06956847e+00
 7.55700647e+00 2.99081754e+00 1.65516467e+00 4.03623081e+00
 1.61628137e+00 3.32798105e-02 3.89685416e-01 6.82433683e+00
 3.81161203e-01 6.03554347e-01 3.63643668e+00 6.70767628e-02
 9.00401448e-01 4.02427501e+00 1.53872195e+00 2.25754205e-01
 4.45263253e+00 1.06694387e+00 1.67318258e+00 3.86560239e+00
 1.90971140e+00 1.16497442e-01 4.16993265e+00 4.79937465e-01
 1.70830765e+00 6.57606798e+00 2.24628572e-01 1.68158125e+00
 7.67832173e-01 1.29458309e+00 2.01265561e+00 4.59707039e+00
 6.99300938e+00 9.14470583e-01 1.64383058e+00 2.97694190e-01
 2.46399122e+00 8.74088437e-01 3.67305242e-01 3.71314880e+00
 8.76407981e-02 3.95440446e+00 3.05025063e+00 1.33297920e-01
 2.65918916e+00 3.20122539e+00 6.14271859e-01 5.70737138e+00
 2.00482887e-02 1.36236545e+00 5.67413117e-01 1.49200177e+00
 7.53784330e-01 1.12872611e+00 1.01408174e+00 2.11034659e-01
 7.34570831e+00 3.35665234e-01 2.67326317e+00 1.32417774e+00
 2.94047390e+00 4.38700790e+00 7.26838233e-01 5.49070921e+00
 5.59648298e+00 1.35849266e+00 2.86345908e-01 9.84081671e-01
 8.53908126e-01 3.18487559e+00 1.44874491e+00 1.22754429e+00
 6.02847454e-02 5.21735845e-01 1.03517431e+00 1.13345593e+00
 2.90830135e+00 1.35193869e+00 2.04724852e-01 4.06700124e+00
 1.05049795e+00 1.37890899e+00 1.87292885e+00 1.38795816e+00
 1.39390468e+00 2.91451884e+00 1.15457345e+00 4.56322503e-01
 1.47992352e+00 1.93343764e+00 4.00404305e+00 6.32551779e-01
 1.46367466e+00 2.95596178e+00 1.07696744e+00 1.91397619e+00
 2.04744315e+00 1.70141040e+00 1.08373821e+00 8.87626989e-01
 5.58998168e-01 5.87320340e-01 1.38817376e+00 1.91476104e+00
 2.04796227e+00 2.92936684e+00 5.89120810e+00 6.65251246e-01
 1.03823067e+00 3.59162653e-01 2.59438817e-01 1.98230152e+00
 2.08454695e+00 1.43892919e-01 1.75421741e+00 4.25486626e+00
 1.91942607e+00 1.39262566e-01 4.04465320e+00 2.01507489e+00
 3.90974417e+00 1.13684206e+00 8.93612103e-01 5.02721901e-02
 8.95228160e-01 1.86401652e-01 1.20821595e+00 6.71153715e-01
 9.32249368e-01 8.94957914e+00 8.16624589e-01 1.13653181e+00
 7.07486720e-01 2.71308748e+00 9.33528313e-01 3.64802311e+00
 2.77774915e+00 5.78693007e-02 4.26248672e-01 5.22927689e+00
 6.66735836e-01 1.61909954e+00 7.67692536e-01 9.73331325e-01
 6.70636353e+00 5.52751643e-01 1.25475778e+00 2.09213887e+00
 1.47611223e+00 2.25024343e+00 4.55090142e-01 1.74035684e+00
 1.21579589e+00 7.41656781e-02 1.04055359e-01 2.05640640e-01
 1.79537778e+00 3.81301582e-01 3.99005392e-01 1.43116538e-01
 4.62850539e-01 1.14200953e+00 6.17391201e-01 2.62391305e+00
 2.07664767e+00 5.12406807e-01 2.28909224e+00 7.92333841e-02
 1.05406087e+00 1.22309846e+00 2.72860718e+00 5.11763097e-01
 1.81669621e+00 6.99805384e+00 2.16893914e+00 2.27380086e+00
 3.94627191e-01 1.24237611e+00 3.46812571e+00 4.49375573e-01
 3.44952697e-01 5.94386978e+00 1.60536124e+00 1.38273645e+00
 1.24880288e-01 3.50951781e+00 4.97860137e-01 3.72143062e+00
 2.61754381e+00 5.29082017e+00 5.34779296e+00 3.65058786e+00
 2.57838509e+00 4.35708664e-02 2.28404887e+00 2.55033043e-01
 1.43119948e+00 3.76974267e+00 7.78293037e-01 2.66222752e+00
 4.87181797e+00 1.65339833e+00 1.94414768e-01 8.83921586e+00
 1.08838800e-01 1.07662720e+00 1.12260027e-01 6.82653059e-01
 7.69234540e-01 1.33120236e+00 3.42887516e+00 7.60111608e-01
 8.57866720e-01 2.02401478e+00 3.00620818e-01 5.31618674e+00
 3.06393440e+00 4.81232387e-01 1.79444958e+00 5.48569550e+00
 2.01384267e-01 8.64468932e-01 3.64877450e+00 8.66841189e-01
 1.02314232e+00 2.34967952e-01 1.00106769e+00 3.19447167e+00
 2.58475427e-01 8.26133093e-01 1.72290653e+00 3.14223835e+00
 2.35642675e+00 2.13068194e+00 4.75182466e-02 4.79879561e-01
 5.02074462e+00 4.25097211e-01 4.15415620e+00 9.37662133e+00
 2.04757772e-01 7.62601861e-01 6.58090085e-01 1.42687804e+00
 1.24876553e+00 1.27191195e+00 2.31318580e+00 4.16687445e+00
 3.01650022e+00 7.93090022e-01 1.50608233e+00 2.62347024e+00
 3.52886972e+00 6.08373059e-01 2.33613823e-01 4.34721103e-01
 1.05214677e+00 8.44214867e-01 3.99293383e-02 3.53191424e+00
 3.75950220e-01 4.30589508e-01 8.11531351e-01 1.14889580e+00
 1.27762947e+00 3.26736877e+00 5.04481961e-01 1.21448412e+00
 1.56109736e+00 1.58043060e+00 3.04419142e+00 1.20932222e-01
 1.65465241e-01 2.94158939e-01 2.59657147e+00 1.24536161e-01
 3.09288421e+00 1.28361205e+00 1.83385701e-01 3.89511036e+00
 2.65900604e+00 2.60972498e-02 1.82483310e+00 1.71336116e+00
 1.32279216e+00 1.54228963e+00 4.40891843e-01 1.49307293e-01
 5.30661463e-01 2.81887906e-01 1.04314877e+00 1.14332029e+00
 2.55389298e+00 8.11433975e-01 8.37873964e+00 4.52588874e-01
 1.32760390e-01 1.84686695e+00 4.68897056e+00 6.50411507e+00
 1.71255624e+00 2.26199204e-01 2.47470901e+00 5.56348621e-01
 2.40071695e-01 3.06100022e+00 4.90270676e-01 9.48600039e+00
 1.19241936e+00 9.54630566e-02 7.66885016e-02 3.72707695e+00
 1.10186662e+00 1.40148692e+00 1.17114731e+00 1.26159211e+00
 2.36825092e+00 5.80414118e-01 2.08009747e+00 5.42282714e+00
 6.60050382e-01 2.57679198e+00 1.82500323e-01 4.94426035e+00
 1.24215647e+00 2.35610837e-01 1.32386034e+00 1.50876556e+00
 1.69790663e+00 1.61999221e+00 1.79907446e+00 6.67616606e-01
 1.49277827e+00 7.36150955e-01 3.76359275e+00 1.80611264e+00
 4.61807203e+00 3.69836660e-01 4.28806159e-01 4.16326483e+00
 1.35479774e+00 1.14464416e+00 7.64971931e-02 1.13372886e+00
 6.04562173e-01 6.03495254e-01 2.09959781e+00 2.75523866e+00
 7.80105743e-01 5.61661458e+00 2.36387416e+00 6.83661125e+00
 4.45377794e+00 5.51796587e+00 4.62669380e+00 7.19840508e-01
 8.29803746e-03 1.19012951e+00 1.31307242e+00 2.64333302e+00
 8.83858971e-01 3.11507732e+00 1.07845632e+00 3.72440364e-01
 1.44680440e+00 1.22852717e+00 5.31233955e+00 3.84912043e-02
 2.98969524e-01 7.49326788e+00 5.10524539e-01 1.00298760e+00
 2.70951565e+00 3.17994381e-01 9.74426392e-02 3.86255761e-01
 1.72967970e+00 1.20635071e+00 9.20869402e+00 3.39352455e-02
 5.08338923e+00 3.66441399e+00 1.32869165e+00 1.09033039e-01
 3.28007658e-01 1.90849699e+00 2.07567178e+00 1.63481361e+00
 9.55153299e-01 2.18647491e+00 6.82088865e+00 2.93627712e+00
 1.73030417e+00 3.55754073e+00 1.25419275e-01 2.28029127e+00
 3.46230837e-02 3.19654065e-01 2.64975127e+00 6.82071108e-01
 1.09094741e+00 6.33636006e-01 7.60881932e-01 8.23986836e+00
 1.59107910e+00 2.00243821e+00 5.74050297e+00 1.39309556e+00
 4.93205462e+00 1.41336864e+00 6.07482030e+00 5.41277135e-01
 1.22588477e+00 2.25949605e+00 9.19683674e-01 1.13002491e+00
 3.75275332e+00 4.35591068e+00 2.26862986e-01 1.15412909e+00
 5.98308983e-01 5.15655521e+00 1.71985350e+00 2.16593192e+00
 7.51175812e-01 9.10408132e-01 7.71304756e-01 1.09582494e-01
 3.58486803e+00 8.92756081e-01 1.87693422e-01 9.89241719e-01
 5.60991702e-01 1.67778052e-01 1.51673987e+00 6.36079927e+00
 2.47357989e+00 4.53008323e+00 3.76827776e+00 1.36730441e+00
 4.87027354e+00 2.11601022e+00 7.72325537e-01 1.06867822e-01
 5.01955934e+00 7.68370989e-01 4.85305408e-01 3.42779754e+00
 1.49371628e+00 1.73111658e-01 5.75550780e-01 5.81675512e+00
 1.77272056e+00 1.41561052e+00 6.93330893e+00 2.02720927e-01
 7.71633562e-01 1.66975326e+00 2.90435115e+00 1.34221032e+00
 8.00121824e-01 1.90247272e+00 4.80134659e-01 1.19551423e-01
 4.59991176e+00 3.27042370e-01 3.51238040e-01 7.08011972e-01
 3.80090250e-02 8.44957151e+00 3.48510688e+00 1.30764753e+00
 1.20942872e+00 1.67058585e+00 6.19373649e+00 7.98248059e+00
 1.84394293e+00 1.18422305e+00 1.46924665e+00 1.47495747e+00
 2.91395278e+00 3.07021429e+00 2.67870980e+00 2.05563706e+00
 8.87514413e-01 4.75248219e+00 1.63479150e-01 1.63030840e+00
 8.79153981e-01 1.26768310e+00 4.97844033e-01 2.69449074e+00
 1.06210805e+00 4.17130909e+00 3.61623226e-01 1.82638180e+00
 6.13305729e-02 4.33159642e+00 1.88679713e+00 5.22855888e-01
 2.71914320e+00 1.28953025e+00 3.41424741e+00 5.05061624e-01
 3.07129331e+00 1.32576347e-01 2.22666060e+00 3.01009442e-01
 2.95795495e+00 1.92147806e-01 2.73958903e+00 2.36189468e-01
 2.49274352e+00 4.22523466e-01 1.31619007e-01 5.26653669e+00
 1.17311202e+01 5.08972451e+00 5.39592152e-01 3.50384883e+00
 9.78444763e-01 6.76172427e+00 2.55668865e+00 6.09861395e-01
 9.15809488e-01 6.96808318e-02 5.85506732e-01 1.97261363e+00
 2.22016943e-02 2.24542574e+00 2.66241412e+00 4.81316700e+00
 2.10071502e+00 3.53697152e+00 6.70138994e-02 1.65411449e+00
 1.15672955e-01 2.83823908e+00 1.69001554e+00 1.46692874e+00
 5.14447215e-01 4.79669560e+00 1.85366572e+00 9.19143307e-02
 3.45103443e+00 1.92182218e+00 2.54212259e+00 6.45243009e+00
 3.33745834e+00 2.09657630e+00 3.68438195e-01 1.44072292e+00
 5.60319441e+00 8.92973565e-01 2.07735906e+00 2.22110756e-02
 1.50600350e-01 2.22837954e+00 4.37578896e-01 2.36459249e+00
 3.08288869e+00 1.81210583e+00 1.79323431e+00 3.04093602e-01
 6.02580796e-01 2.69421994e-01 2.96717063e-02 4.78748364e+00
 7.04296998e+00 7.11722165e-01 4.10769657e+00 1.39082919e-01
 1.40777215e+00 1.16755792e+00 9.71397848e-01 1.52627515e+00
 2.17553539e+00 8.54993105e-01 9.82800346e-01 3.01810634e+00
 1.41209206e-02 3.27044833e-01 6.13386258e-01 1.51564627e+00
 5.93625160e-01 4.06285103e-01 7.02447559e-01 9.68605411e-01
 1.33828462e-01 1.56252775e+00 1.35253520e-01 1.45059374e+00
 6.37949414e+00 7.47120334e-01 1.12673405e+00 4.96768699e-02
 1.16020474e+00 5.26016346e-01 7.79515283e-02 9.68988574e-01
 5.80247986e-01 3.45228523e+00 5.14866257e+00 1.46580362e+00
 1.53776544e+00 1.99184318e+00 5.65424930e+00 2.00193957e+00
 4.66299493e+00 7.79829921e+00 4.22300491e+00 4.07987125e-01
 4.98656587e-02 1.03811335e+00 3.30482918e-01 4.42685561e+00
 1.29272009e+00 2.60495841e+00 3.86938876e+00 3.48842397e+00
 4.11284407e-01 5.68232136e-01 5.19798971e+00 3.28006789e-01
 2.89474543e+00 9.46900505e-01 1.65065955e+00 2.25796441e+00
 3.81551960e-01 6.41525702e-01 3.69271572e+00 7.89538843e-01
 2.95358027e+00 1.40179784e+00 3.87696149e+00 1.25793076e-01
 1.52863621e-01 5.10131588e-01 3.63842377e-01 3.65486378e+00
 3.14361901e+00 9.81422496e-01 1.12678693e+00 1.65504786e+00
 3.98818439e+00 2.77086403e+00 5.15022770e+00 9.56572731e-01
 1.97055347e+00 1.78836679e+00 2.33236972e-02 1.46245422e+00
 6.06731893e+00 1.48497486e+00 2.10324349e+00 5.23798715e-01
 1.95101953e+00 1.62793123e+00 2.21495300e-02 8.79018946e+00
 8.58171756e-01 5.52276365e-01 3.37982390e+00 8.96463474e-01
 2.95641631e+00 1.46952801e+00 4.67118184e+00 2.57152975e+00
 1.01107963e+00 1.11024356e-01 3.83657075e+00 5.15671203e-01
 1.50330905e+00 2.60714847e+00 4.77616283e-01 6.99697791e-01
 1.60406546e+00 1.90439966e-01 4.56806467e+00 5.40187958e+00
 3.88830944e+00 5.87182996e+00 7.10974985e+00 4.47271546e+00
 5.53046412e+00 3.76681408e-02 3.39962426e-01 5.16311703e+00
 2.87027213e+00 1.55396388e+00 2.21091743e+00 1.24595967e-01
 2.20307744e-01 1.14556449e+00 3.00346685e+00 5.17069295e+00
 2.47152702e+00 1.10595443e+00 8.89355259e-01 3.26739454e+00
 9.01090866e-01 2.06325671e+00 1.16014565e+00 1.68070655e+00
 3.61620477e+00 2.62963404e+00 8.24506242e+00 2.06800284e-01
 1.96298104e+00 2.50008210e+00 5.59496831e-01 2.03814659e+00
 4.54266964e+00 1.59683497e+00 3.82662027e+00 9.66423228e+00
 2.83836202e+00 1.64215577e+00 2.39363630e+00 1.56512550e+00
 1.62435878e+00 4.90648442e-01 3.70946160e-01 3.91376220e-01
 1.17030168e+00 8.60426630e-01 1.00496525e+00 4.01666792e+00
 2.05106292e-01 1.53500961e+00 3.07391708e+00 3.12838876e+00
 3.20524731e+00 8.67248138e-02 6.10322819e-03 9.15960980e-01
 8.24437392e-01 4.30638742e+00 4.14552883e-01 3.11356583e+00
 3.52599062e-02 2.34782671e+00 3.40643582e-01 3.04335141e+00
 2.13183329e-01 2.77001738e+00 1.43890739e+00 1.44167524e+00
 1.45051843e+00 6.12902686e-01 1.10876457e+00 6.00277638e-01
 2.35182910e+00 2.50792805e-01 1.28867109e+00 1.84674691e+00
 8.75524676e-01 2.75575020e-01 2.58555962e-01 3.04847793e-01
 2.04432768e+00 2.94391386e+00 2.36093787e+00 1.51858507e+00
 1.12561716e+01 6.30082619e+00 7.16001827e-01 2.74312367e-01
 4.68706627e-02 1.09394120e+00 2.35049325e+00 2.89205193e+00
 4.09060641e-01 7.58401834e-01 1.91989288e+00 1.68887712e+00
 3.42218401e-01 2.11317451e+00 1.48515691e+00 2.93401002e+00
 5.32269687e-01 9.68300040e-01 4.25234194e-01 8.32354670e-01
 5.82956727e+00 5.94740717e+00 1.50806336e-01 4.38372067e-01
 3.02329451e-01 2.13952362e+00 2.32954418e+00 1.04855899e+00
 1.14523120e+00 3.85818862e+00 7.32497638e-01 8.30619325e-01
 3.97063762e+00 1.28493537e+00 1.97312472e+00 1.04797531e+00
 1.12113164e+00 2.51249648e+00 4.21737095e-01 2.77871491e+00
 1.10101901e+00 3.78817292e+00 2.92621063e+00 2.57159803e-01
 1.32341402e-01 2.44564201e+00 1.22051581e+00 4.83513000e+00
 1.21384585e+00 1.38281464e+00 3.00749068e+00 4.97988164e+00
 2.63156538e+00 1.00920376e+00 1.01812866e+00 7.48419909e-01
 7.62777242e-01 2.05418209e-02 1.75148662e-01 9.23967236e-01
 1.27210128e+01 3.96104261e+00 4.97961080e+00 9.29501366e-01
 7.88706392e-01 1.34911833e+00 2.10273969e+00 1.73807296e+00
 1.29949107e+00 5.88286393e-01 4.29048960e+00 3.68052238e+00
 4.74198922e-01 2.37982819e+00 3.35112150e-01 4.48787728e-02
 1.89895257e+00 1.82885324e+00 9.47826935e+00 3.56638857e+00
 5.98503405e-01 8.66905400e-01 4.02027090e-01 1.06599328e+00
 4.87049920e-01 1.55747106e+00 1.29284815e+00 4.95034889e+00
 3.30693521e+00 3.49122196e-01 1.42000152e+00 2.41643328e+00
 2.84787835e+00 1.07331951e-01 2.79661901e-01 9.57316984e-01
 2.52731663e-01 8.88041276e-01 2.79931158e+00 4.22877225e+00
 7.55129100e-01 2.11456239e+00 6.98841179e-01 1.01793514e+00
 6.68167286e+00 3.11174575e-01 5.01938113e-01 4.26204753e+00
 6.20180214e-01 4.05733074e-01 7.02016853e-01 3.29216687e+00
 1.39298533e+00 4.52372674e+00 2.74224136e+00 3.78021575e-01
 5.66413413e+00 7.75308212e-03 1.18378824e+00 3.16425440e-01
 1.52412642e+01 4.67076821e+00 8.98635528e-01 9.83106779e+00
 1.32012247e-01 8.60934607e-02 3.29057871e+00 6.28782685e-02
 5.28759894e-01 3.04481527e+00 2.29196765e+00 3.98762820e+00
 1.08645694e+00 1.72482521e+00 5.85808292e-01 1.03867614e+00
 4.18454642e-01 1.29330480e+01 1.39954252e+00 2.31482311e-01
 1.85277925e-01 2.62467677e+00 1.88832453e+00 1.19949994e+00
 4.75424505e+00 1.25385114e+00 4.73663485e-01 6.35427880e-01
 1.91396494e+00 2.22022399e+00 1.03666910e-01 3.13507140e+00
 3.99379465e-02 1.46636389e+00 1.62182681e+00 1.26861648e+00]