[3.98653748e-01 4.94275641e-01 2.51896488e+00 4.62669741e+00
 1.20092015e-01 1.16592167e-01 1.70698777e+00 5.95024840e-02
 1.70970231e+00 4.18376787e+00 3.35168151e+00 2.15463465e+00
 7.23420705e-02 6.74268108e-01 1.87075743e+00 1.87191312e+00
 2.73821099e+00 1.71400752e-01 6.56480778e-01 9.83693256e-01
 1.66534566e+00 7.01183410e-01 9.94895685e-01 4.43016138e-01
 1.01980152e+00 1.13746686e+00 1.37746338e-01 1.54855358e-01
 2.03328844e-01 1.17265789e+00 2.30148734e-01 2.43218838e+00
 4.29337233e+00 7.04638374e-01 6.12280944e-02 3.64905749e+00
 3.04229197e-01 5.63483519e+00 4.17697051e+00 1.11356610e+00
 2.16462664e+00 3.77439262e+00 2.50332318e+00 1.16016276e+00
 1.35668045e-01 8.87470908e-01 8.15806257e-01 2.09510533e-01
 1.76026634e+00 1.89284442e-01 1.75174289e+00 3.47002950e+00
 4.51465766e+00 3.14687350e+00 1.80844596e+00 1.93442606e+00
 3.15402126e+00 9.26411036e-01 1.37208060e+00 1.43386827e+00
 3.40057519e-01 1.50556967e+00 3.43456573e-01 1.62354288e-01
 6.31164570e-01 3.07186083e+00 2.39814725e-01 2.87321057e+00
 2.47000213e+00 2.13800361e+00 3.53200403e+00 1.86502503e-01
 4.36344482e+00 1.81598911e+00 1.08950146e+00 1.00883479e+00
 1.24152186e+00 4.90601805e+00 1.66292957e-01 1.71306091e+00
 2.70207870e+00 1.11387531e+00 1.04485752e+00 3.41824677e+00
 8.10781070e-01 3.13125351e+00 1.21988875e-01 2.42413890e+00
 1.91688451e+00 2.83070675e+00 2.19868128e+00 5.00925558e+00
 1.19182288e+00 1.81300099e-01 1.07350018e+00 3.99070420e-01
 2.41664318e+00 1.40683429e+00 1.97813288e+00 7.54176177e-01
 1.15707753e+00 2.34717303e-01 1.85944840e+00 1.61755511e+00
 1.95233368e-01 2.43181223e+00 3.34864229e+00 1.20328022e+00
 7.99796304e-01 3.92660741e+00 2.12895119e+00 2.71170372e-01
 8.33550195e-01 5.69016973e+00 1.90783771e+00 6.11231655e-01
 1.61288024e+00 4.13919778e+00 1.58158328e-01 6.35754652e-01
 1.32880646e+00 2.30684115e-01 3.15505811e+00 1.93931056e+00
 1.83491498e+00 3.57458241e+00 3.93005252e+00 1.04481205e+00
 2.03710905e-01 1.57405925e+00 9.28020388e-01 8.15924839e-01
 4.66429267e-02 8.98398461e-02 4.04310831e+00 1.66063596e-01
 2.17346214e+00 5.30189600e-02 1.88443419e+00 2.06333474e+00
 1.22069667e+00 5.00045340e-01 1.21472332e+00 6.11219657e-01
 2.54833017e-01 1.89058651e-01 3.65094422e+00 5.67533709e-01
 3.41622188e-01 2.74040141e+00 7.94929285e-01 8.54624326e-01
 1.40659930e+00 3.05602365e+00 5.88966247e-01 2.99277045e+00
 2.52667988e+00 1.21509108e+00 2.14400466e+00 2.07925201e+00
 3.03484893e+00 2.35124030e+00 2.19189817e+00 7.85686154e+00
 1.23952094e-01 2.23204169e+00 3.58499507e-01 1.11759210e+00
 1.59351945e+00 1.52793725e+00 9.90753014e-01 5.44760031e-01
 1.90950215e-01 2.26921834e+00 5.71652953e+00 3.62509555e+00
 2.53005253e+00 4.24138876e+00 1.09570667e-01 1.28484172e-01
 4.70498588e-02 9.77584925e-01 4.29980410e+00 9.12937137e-01
 4.57795132e+00 6.17085900e-01 2.70192701e-01 8.01115733e-01
 5.05583739e-01 2.12842003e+00 4.26705464e+00 6.14141945e+00
 1.90763356e+00 2.34845020e+00 1.07239651e+00 2.85720202e+00
 7.14058852e-02 1.49984139e+00 1.16804482e-01 6.08032294e+00
 5.41241868e+00 1.02143853e+00 1.40823935e-01 5.46922290e-01
 6.26992858e-01 7.56011194e-01 9.67447659e-01 9.27543548e-02
 2.93621433e-01 2.29950732e-01 5.24709254e+00 1.58657118e+00
 8.21384882e-01 4.69245171e-01 4.44325972e-01 8.75966934e-02
 2.16336825e+00 2.80590818e+00 2.95497878e+00 8.21615488e-02
 2.43129155e+00 1.47088889e+00 6.13528539e-01 2.88681168e-01
 1.13764824e-01 2.68903172e+00 6.49202207e-01 6.70973134e-01
 1.70170439e+00 5.38009149e-01 1.57417294e+00 2.87662513e+00
 1.44334846e+00 2.10737128e-01 1.08105243e+00 1.99578339e+00
 1.03554940e+00 5.67615174e-01 1.78914133e+00 1.10234381e-01
 7.46683387e-01 1.65190869e+00 1.71301989e+00 1.11049098e+00
 1.52122870e+00 5.20027683e-01 2.55354615e+00 7.10964976e-01
 4.98016848e+00 1.20598616e+01 9.02256760e-02 1.38330459e-01
 1.17400305e+00 1.54031576e+00 2.89769162e+00 2.04848417e+00
 2.39714026e-01 2.10349770e-01 1.90710334e+00 1.18086295e+00
 4.34541262e-01 4.83603280e+00 7.13561666e+00 7.67368960e-02
 3.38928921e+00 3.44977689e+00 1.42128189e+00 7.49271493e+00
 9.05176313e-02 1.54554302e+00 1.83745416e+00 2.08981436e-01
 3.48428220e-01 2.17112641e+00 1.06904392e+00 1.06929864e+00
 5.63280588e-01 2.30972332e+00 3.17875405e+00 4.94022756e-01
 9.63221524e-01 5.76474801e+00 8.76345867e-02 7.61344912e-01
 3.18944368e+00 4.27960931e+00 9.47053548e-01 1.41391931e-01
 9.46234001e-01 3.26339792e-01 2.61454253e-02 2.69447382e-02
 2.02465454e+00 4.81087084e+00 9.39561287e-01 4.49682126e+00
 6.99856337e+00 2.81653690e+00 9.18804443e-01 8.99752029e-01
 7.45792652e-01 2.85501168e+00 3.44658367e+00 1.86386225e+00
 1.02648093e+00 2.61391130e+00 9.22683846e-01 2.61588970e-01
 1.37880965e+00 9.97814769e+00 6.44203105e-01 7.07227269e-01
 3.56175212e+00 4.39618595e+00 3.63517180e+00 3.10579520e-01
 6.16884356e-01 4.63698614e+00 1.41898580e-01 8.48081909e-01
 3.03982517e-01 2.03717323e+00 2.39128072e-02 3.58867122e+00
 3.86588848e+00 1.74266369e-02 2.33822313e+00 2.41044385e-01
 1.50429005e+00 6.34739294e-01 3.57048316e+00 1.55013600e+00
 1.24016396e-01 1.66955553e+00 5.04223819e-01 4.54584305e-01
 1.57275862e+00 1.57349062e+00 3.63538310e+00 4.60808225e-01
 5.05761147e-02 1.08759410e+00 1.50507057e+00 1.33940151e+00
 3.84455650e-01 2.75627505e-02 3.43825008e-01 1.45477063e+00
 4.34419254e+00 1.44287533e-01 6.48606791e+00 3.12459274e+00
 6.43967403e-01 4.21122277e-01 2.14917117e-02 2.27669632e+00
 2.75038579e-02 6.72035904e-01 9.87678228e-01 2.87636791e+00
 1.56257759e+00 6.54479958e-01 1.03699461e+00 8.99668585e-01
 7.71366825e-01 2.95258920e+00 2.50339436e-01 9.42723307e-01
 3.71908973e+00 1.26578577e+00 6.81353064e-01 1.27113213e-01
 3.04534205e-01 6.14450764e-02 4.42655237e+00 3.63801413e+00
 2.13142209e+00 2.70808857e+00 6.73213556e-01 1.34405044e+00
 1.66242557e-02 7.11256351e-01 2.62701824e+00 1.76162839e+00
 4.34693909e-01 5.47163936e-01 1.28088469e+00 1.70802871e+00
 1.68270706e+00 1.71883492e-02 4.98645685e-01 3.57514717e+00
 4.64590135e-01 7.43644066e-01 5.65670761e-01 2.97856822e+00
 1.23442159e+00 2.65537132e+00 6.91164460e-01 6.48665050e-01
 4.37087682e+00 1.53430165e+00 3.79483265e-02 1.08505832e-01
 6.50437327e+00 1.77360942e+00 1.60665991e+00 2.77508756e-01
 1.31369989e+00 1.54198432e+00 3.99618623e-01 5.96005313e-01
 1.09100338e+00 2.64059910e+00 1.12281552e-02 1.00533156e-01
 1.50590833e+00 1.04524089e+01 2.27702479e+00 3.98547574e-01
 1.81184566e+00 2.13087876e+00 6.27700533e-01 6.67694134e-01
 9.21239359e-01 5.24905912e-01 3.23027549e+00 9.17381223e-01
 3.81723063e-01 3.05340101e-01 2.99363898e-01 3.15362947e+00
 2.68165593e+00 1.70617175e+00 1.57181899e+00 5.89898082e-01
 9.73995950e-02 5.76742365e-01 1.93546088e-01 2.30602887e-01
 4.13446935e+00 4.77131454e+00 1.22410235e+00 1.47196249e+00
 5.73580457e+00 3.03771718e-02 1.19858170e+00 1.03020598e+00
 2.39660745e+00 7.37183758e+00 1.10248814e+00 6.15583163e-03
 2.02466370e-01 9.52987430e-02 3.28917455e+00 4.85396086e-02
 3.40320017e+00 4.20606590e+00 3.81937004e+00 8.73207682e-02
 5.28631513e-01 3.39291671e-01 1.97316864e-01 7.25919450e-01
 8.01400989e+00 3.30407773e-01 7.24462111e-01 1.20928207e+00
 3.92576373e-03 2.69183652e-01 1.60962996e+00 8.97795476e-01
 3.34661264e+00 1.88227393e+00 1.30292283e-01 4.98484171e+00
 1.83937772e-01 1.68812263e-01 4.02326172e-01 1.82941171e-01
 5.96568182e-02 5.19559538e-01 2.11807588e-01 6.60185487e-01
 8.74185274e-01 6.58591683e+00 5.72157074e-01 2.68874153e+00
 1.58880507e+00 1.93680362e+00 6.81773099e-01 1.19716990e-01
 1.12707478e+00 9.21409419e-02 8.70037181e+00 2.28487373e-01
 1.40852329e+00 2.66778603e+00 1.71625322e+00 1.80503936e+00
 4.18306623e+00 2.89810155e+00 4.25747210e+00 2.21042881e+00
 1.63900638e+00 2.01171419e+00 5.89134926e-01 1.16636896e+00
 3.34325643e+00 1.19737340e+00 1.41378662e-01 3.83427194e-01
 3.64867839e-01 2.80373797e+00 1.54804411e-01 3.46992254e+00
 9.72673883e-01 1.24484902e+00 1.24734985e+00 2.38667694e+00
 8.11582891e-01 9.75728766e-01 8.67007358e-01 8.73501105e-01
 1.94840545e-02 1.03504930e+00 2.14638296e+00 1.11098885e+00
 7.24227570e+00 1.82795916e+00 8.56067511e-01 2.67506908e+00
 7.64556755e-01 1.48242853e+00 2.19190510e-01 5.54342699e-02
 1.25831304e+00 2.44235862e-01 2.25060883e+00 4.45056721e-01
 8.04246574e-01 4.23278638e-01 6.25190508e-01 2.86799032e-01
 1.88845719e+00 8.49752255e-01 2.31124271e-01 2.60184553e+00
 1.82571457e+00 1.21532770e+00 3.89868355e-01 3.00942286e+00
 1.59484399e+00 6.45240647e-01 2.32020649e+00 9.75221579e-01
 4.43863156e+00 2.28125974e+00 6.52660977e-01 1.89269687e+00
 3.66204347e+00 4.27091408e-01 3.12947884e+00 2.22956191e-02
 1.20753744e+00 2.51244337e+00 1.23796672e+00 8.21388134e-01
 6.94361523e-01 2.76307625e-02 9.45782980e-01 4.30169576e-01
 1.54872273e+00 1.73066016e-01 3.09655062e+00 2.50200774e-01
 1.18381756e-01 5.91041675e+00 2.46292307e-01 2.47662801e+00
 4.71896826e-01 8.04977824e+00 2.24457405e+00 2.12726495e+00
 7.61889069e-01 4.45274774e+00 2.18643776e-01 2.12260045e-01
 4.87343156e-01 3.69647059e-01 9.93371956e-01 1.40862279e+00
 3.78444518e-02 6.57441319e-01 3.40170447e-01 3.63571858e-02
 2.22505448e+00 5.81592658e-02 2.65078393e+00 1.45333610e+00
 8.87001301e-01 6.00314854e-01 1.50322472e+00 4.32674638e-01
 1.32776952e+00 2.98888597e-01 4.73107208e+00 4.36083212e+00
 2.47749201e+00 1.69967073e+00 2.11277082e+00 1.42940871e+00
 2.22879775e+00 2.74295101e+00 8.94130468e-01 1.88450997e+00
 8.14125556e+00 1.00410152e-01 6.16274963e+00 2.54961036e+00
 6.41125677e+00 1.46114036e+00 4.79441096e+00 1.84889961e+00
 1.27078590e+00 1.09781318e+00 2.21321317e+00 1.41247820e+00
 9.18335172e+00 1.27199770e+00 1.37730688e-01 3.42509157e-01
 5.11371247e-02 4.38498529e-01 7.29969330e-01 2.59313240e+00
 1.25544951e-01 1.30807874e+00 1.59333522e+00 3.68542174e+00
 1.23033634e+00 1.92096787e+00 2.56683219e-01 3.73311478e+00
 9.14722565e-01 8.85755056e-03 6.18283309e+00 3.39362594e+00
 1.86713635e+00 2.38421449e+00 2.02907422e+00 5.74233456e-01
 8.19364210e-01 1.04464126e-01 1.13224971e+00 1.84912191e+00
 1.18774243e+00 1.87108871e+00 8.29725338e-01 3.67366315e-01
 3.81930469e+00 1.21515907e+00 3.47421185e-01 1.69118046e-01
 1.90526114e+00 1.31049709e+00 3.48080464e-01 8.65353803e+00
 2.19005700e+00 5.45200834e-01 4.44362890e+00 3.56800714e+00
 2.15921847e-01 1.09568627e+00 3.00060384e-01 2.41286597e-01
 1.00245029e+00 1.28020360e+00 1.61741037e+00 6.17481774e-01
 5.29998339e-02 2.58296185e+00 1.34386121e-01 1.58156825e+00
 1.09662392e+00 2.43851632e-02 2.13949887e-01 3.56518110e+00
 1.86678380e+00 8.55307696e-01 9.07962655e-01 3.00935923e-01
 1.68410719e-01 2.80478210e+00 2.68534656e+00 3.23997519e+00
 3.79703193e+00 3.35924971e+00 2.22343447e+00 2.61074183e+00
 6.75489387e-01 1.13737258e+00 4.04776516e+00 2.20478202e+00
 4.07075611e+00 2.16535956e+00 4.01005729e-01 4.96188249e-01
 2.50299379e+00 8.63648782e-01 4.03727747e+00 2.06215197e+00
 1.90553498e+00 6.17756444e-01 1.54721786e-02 8.91693503e-01
 4.11074636e-02 1.03209236e+00 3.30392046e+00 1.03260666e+00
 1.73555843e+00 1.91108580e-01 1.08340000e-01 1.74444496e-01
 1.49416696e+00 5.72574689e+00 1.09170805e+00 4.67905545e-01
 2.31297561e+00 5.55399981e-01 1.54090505e+00 5.10754129e-01
 1.24149801e+00 2.54756086e-03 1.58543874e+00 5.32830783e-02
 2.16381691e+00 1.05685294e+00 2.95672496e+00 1.24476905e+00
 1.05037182e+00 5.85295814e-01 1.86180121e+00 5.32799995e-02
 5.08898852e+00 1.61041660e+00 6.73305732e-01 1.29131650e+00
 5.96908337e+00 2.92668928e+00 2.13449165e-03 3.64858905e-01
 9.36632977e-01 3.55279712e+00 2.30087275e+00 1.87366346e-01
 1.33237994e+00 1.09337785e+00 4.71121238e-01 4.56710898e+00
 1.89567887e+00 1.53739451e+00 7.71299497e+00 4.13544131e-01
 1.65035599e+00 4.48801443e-03 2.93831244e-01 1.72969114e+00
 1.20400649e+00 1.47606233e+00 2.03505346e+00 1.09932805e+00
 1.08469736e+00 4.09327181e-01 7.68203663e-01 1.06695413e+00
 8.17958729e-01 7.53829031e-01 1.59519688e-01 7.88992636e+00
 4.83770950e-01 7.64401916e-01 2.19561609e-01 4.27364022e-01
 4.26418845e-01 1.21366786e-01 1.35901405e+00 4.05616669e-01
 5.23344508e-02 6.32645728e-01 1.97658436e+00 1.34991961e+00
 1.58167492e+00 7.66484848e-01 5.35012685e-01 7.14682216e-01
 1.99676487e+00 1.86462196e-01 8.14054201e-01 4.61700067e-01
 4.95361100e+00 7.21712733e-01 3.58665855e+00 6.95306404e-01
 1.90686745e+00 7.74559675e-01 2.13649772e+00 3.11085083e+00
 1.71011967e+00 9.82897233e-01 6.20889396e-01 7.04207226e-01
 2.12831633e-01 9.94067462e-01 2.70434552e+00 8.14016924e-01
 1.21195449e+00 1.55501204e+00 2.42876996e+00 1.74242362e-01
 2.45176052e+00 1.96102939e+00 9.64939807e-02 4.75300434e+00
 7.13927987e-01 5.99523476e-01 5.20240323e-01 7.63581472e-01
 1.30607742e+00 1.55127875e+00 3.42090084e-01 1.35537974e+00
 8.64342405e-01 3.83813303e-01 2.47440931e+00 8.01383495e-01
 3.68689351e+00 1.82150505e-01 2.30889894e+00 5.56351510e-01
 4.71262489e+00 2.16573601e-01 6.26895015e-01 2.10284090e+00
 3.01165395e-01 3.94263307e+00 7.68482550e-01 5.71302408e-01
 3.03508144e-01 3.26682489e+00 1.41411826e+00 2.31824405e+00
 1.65716111e+00 3.13667369e+00 7.92777274e-01 9.55160068e-01
 2.96715089e+00 3.15872230e+00 8.32287753e-01 1.07144727e+00
 2.49127618e+00 2.87991783e+00 3.74187889e-01 1.01517256e-01
 1.43831531e-01 2.78457899e+00 1.50127280e+00 5.27689752e-01
 2.85870278e+00 3.74825367e+00 9.42800434e-01 5.47216893e-01
 2.96984917e-01 6.77884241e-01 9.18145615e-01 2.06424200e+00
 6.12313471e-01 1.36755966e+00 8.80265412e-01 4.41797197e-01
 4.28505605e+00 1.64940449e+00 3.88172106e-01 9.28336824e+00
 2.82496195e+00 2.23477147e+00 1.25322886e+00 4.50612542e-01
 5.30761780e-01 1.24032297e+00 6.49108730e-01 4.39584724e-01
 1.09930955e+00 1.82939510e+00 6.84928405e-01 3.12102813e+00
 4.35486917e+00 1.48411148e-01 4.04486217e-01 2.13761070e+00
 8.83012100e-01 9.35637575e-01 3.49688015e+00 3.74802278e-01
 6.46393286e-01 3.11650798e+00 1.88514409e+00 1.38357757e-02
 3.95185565e-01 9.63124771e-01 2.32354963e+00 2.12261713e-01
 3.72870328e+00 7.10340252e-01 3.80969522e-01 2.69044763e-01
 4.26608313e+00 1.18579024e-01 1.58685286e-01 6.53965306e-01
 1.45000597e+00 5.42295043e+00 1.78413904e+00 3.58598741e+00
 2.18944463e+00 3.31375575e+00 2.29365695e-01 3.23858675e-01
 7.05869881e+00 5.86706170e-01 1.21031883e+00 1.68868442e+00
 1.62033512e+00 2.66754075e-01 9.85182688e-02 1.31710299e+00
 5.42576303e-01 1.84508413e+00 1.93280934e+00 1.26838670e+00
 7.42830437e-01 4.25398370e-01 3.34575612e+00 1.31775100e+00
 5.13028963e-01 2.61264493e+00 4.42465792e+00 1.28875815e+00
 1.62999525e+00 1.81214556e+00 2.13270131e+00 2.17697446e+00
 5.42157195e-01 7.56104240e-01 2.01512399e+00 1.71979255e+00
 5.05574482e-01 1.78562208e+00 1.16725702e-01 1.32904677e+00
 1.03185396e+00 4.41266822e+00 5.79555646e-01 2.07248519e+00
 9.33877450e-01 1.00383665e+00 2.74147236e+00 4.40413893e-01
 1.13181763e+00 4.97418859e-03 5.58806265e-01 7.47748374e-01
 5.20532024e-02 1.11045552e+00 1.14157839e+00 5.04824975e-01
 2.88099163e+00 7.72316536e-01 6.85504639e-01 8.95747408e-01
 6.99629062e-01 2.69301236e-01 1.95992832e+00 9.53206845e-01
 7.65126618e-01 3.17740082e-01 1.22477208e+00 4.17129265e+00
 2.40048093e+00 3.28076619e-02 4.35676928e+00 1.87828236e+00
 2.17813810e+00 8.52328259e-01 1.43745573e+00 3.55796078e-01
 9.45927758e-04 1.11777162e+00 1.94832508e+00 2.19670958e+00]