[8.50221396e+00 1.25114819e+00 2.58292557e+00 1.51971876e+00
 2.60605977e+00 3.31433699e+00 6.05836889e-01 1.04143213e+01
 2.94118554e+00 4.91127418e+00 1.03589567e+00 2.51613591e+00
 1.55411985e+00 4.39811686e+00 9.84007755e+00 9.22826185e-01
 5.15374198e+00 1.80528882e+00 1.65429632e+00 4.25104298e-01
 1.32353458e+00 1.46950482e+00 1.38211121e+01 1.26305177e+00
 2.30931650e-01 1.64152374e+00 8.55434320e+00 3.74618328e+00
 2.70323402e+00 3.12583364e-01 4.36393170e-02 3.76281450e+00
 1.96057673e-01 2.79029973e+00 3.44254108e+00 6.40149475e+00
 4.23831278e-01 5.69001292e+00 1.00313652e-01 4.76821052e+00
 6.69635286e-01 2.08698142e+00 2.41760217e+00 9.65041226e-01
 2.58952519e+00 1.91989685e+00 3.60777937e+00 2.75223596e+00
 1.99775972e+00 1.65446789e+00 8.10076403e+00 3.59505925e-01
 8.62091259e+00 1.41389350e+00 1.26911887e+00 2.93390346e+00
 1.97876089e+00 6.46992651e-02 1.63326112e+00 3.02947863e+00
 5.21615643e+00 3.19909687e+00 1.93610668e+00 1.66109289e+00
 1.46941664e+00 1.21548910e+00 2.23295366e-01 1.48219214e+00
 1.69768348e+00 1.16960290e+00 3.83386209e+00 8.80847592e+00
 7.44612893e+00 4.87856052e+00 4.72072180e+00 1.83977182e+00
 1.97903881e+00 2.59260611e+00 7.27400989e-01 4.80165316e+00
 2.91963999e+00 1.73945937e-01 1.53560348e+00 7.51723890e-01
 5.28231171e+00 2.85638015e-01 4.90176935e+00 2.85340921e-01
 8.21550849e-01 2.12560270e+00 4.91496217e+00 3.69913388e+00
 3.83976581e+00 3.85022690e+00 3.32783119e+00 4.90130150e+00
 8.77823773e-01 2.22953458e-01 6.15581746e+00 3.04724704e-01
 5.58397005e+00 1.19210334e+01 2.39701420e-01 2.14873690e-01
 2.76921529e-01 1.94877204e+00 5.56320117e+00 5.21019678e-01
 1.02098900e+01 1.87802441e-01 2.75690911e+00 2.22244687e+00
 1.38928265e+01 1.19880036e-01 2.13601005e-01 2.46850149e+00
 2.08677005e-01 1.92728933e-01 2.54191220e+00 1.66151068e+00
 8.48049685e+00 1.06595772e+00 8.08714529e-01 8.74114870e+00
 8.59719645e+00 4.59176885e-01 5.38238687e+00 7.93545084e-03
 3.30002899e+00 4.83949127e-01 9.88889297e-01 5.03528744e-01
 1.72174403e+00 1.98077228e+00 5.12343395e+00 3.54703875e+00
 6.85307629e+00 1.48371865e+00 1.52411142e+00 5.10604821e+00
 6.91779453e+00 2.37742155e+00 1.38159561e+00 4.37113061e-01
 4.00651019e-01 4.97962041e+00 5.24949300e-01 2.47313305e+00
 7.14712744e+00 1.53920485e+00 2.31204859e+00 3.84480108e+00
 1.10401598e+00 1.22527565e+00 7.52302679e+00 1.15510115e+00
 3.73718639e+00 1.25226455e-01 7.79666698e+00 4.32232012e+00
 2.22355226e-01 7.80973319e+00 6.19196993e+00 5.45329779e-01
 4.18868595e+00 8.30062659e-01 5.21465545e+00 3.21201841e+00
 2.89935840e+00 2.63450575e+00 5.92230512e-01 4.57588100e+00
 2.73884204e+00 2.26208374e+00 6.05736380e-01 4.02736889e+00
 2.88579943e+00 6.36877871e+00 2.48907542e+00 6.50294165e+00
 6.52520338e+00 3.86372866e-01 1.89479994e+00 5.66196728e+00
 1.52065148e-01 3.13424955e+00 6.46907404e+00 3.71104895e+00
 5.79805375e-01 1.23051671e+00 7.20568997e+00 1.27380976e-01
 2.71497083e+00 3.21764572e+00 3.43343755e+00 1.12271075e+00
 2.21581274e+00 2.69152915e+00 1.79828759e+00 8.04927290e-01
 2.28045253e-01 3.78537378e+00 6.88776961e+00 2.18350877e+00
 1.97887515e+00 4.54100283e+00 2.21015982e+00 1.20741528e+00
 3.91671160e+00 4.08992430e-01 1.28308515e+00 2.11539556e+00
 7.43707276e+00 1.75392434e+00 3.98765273e-01 1.13908051e+00
 8.20539887e+00 4.88056638e+00 6.75555545e-01 1.69410855e+00
 9.44212602e+00 2.34983261e+00 1.52114284e-01 7.67658860e+00
 3.59448447e-01 3.05618983e+00 3.45317480e+00 3.88382655e+00
 1.64049496e+00 1.78842156e-01 1.17962121e+00 2.84670629e-02
 2.26203895e+00 8.10507274e-01 2.17526233e+00 6.61466862e-01
 7.28031943e+00 1.04882850e+00 2.47863695e+00 4.89686246e-01
 3.41963182e+00 3.58672110e+00 7.25295241e-01 5.13168486e+00
 7.07259964e-01 1.68087921e+00 6.56028215e+00 3.42683912e+00
 2.03216821e-01 2.13979348e+00 1.14705329e+00 1.66266873e+00
 2.09064687e+00 1.30711580e+00 6.13111629e+00 6.95754339e-01
 1.26719004e+00 2.55133703e+00 3.42951163e+00 4.21309160e-01
 3.15102314e+00 7.20459461e-01 3.52539266e+00 3.77731373e+00
 2.04840605e+00 1.00975055e+00 4.81312202e+00 8.74310739e-02
 3.14302642e-01 6.49826706e-02 3.13960278e-01 4.00837388e+00
 2.62354032e+00 8.31075980e+00 4.30396118e+00 5.85255028e+00
 3.57712298e+00 1.14062242e+00 6.88124738e+00 1.89277246e+00
 2.88927270e+00 7.79243557e-01 2.57223587e+00 9.98528039e-01
 5.09793123e+00 3.80625897e+00 1.10036457e+00 2.34606986e-01
 3.86369903e+00 1.80530231e+00 4.79500634e+00 2.96103897e+00
 4.81162701e+00 1.40318691e+00 6.87050811e-01 8.85459819e+00
 7.82611648e+00 3.71816475e+00 4.64049416e-01 5.85805594e-02
 2.53890336e+00 3.70305661e-02 8.01873655e-01 6.39269684e-01
 5.17097011e+00 3.49967712e+00 5.43407522e+00 2.29131674e-01
 2.71869923e+00 3.46635461e+00 9.20766820e+00 2.77002544e+00
 5.61226654e-01 2.63132442e+00 3.21084929e+00 1.73181146e-02
 9.88057684e+00 1.72304464e+00 3.83905888e+00 8.77597470e-01
 6.26928832e-01 1.78471917e+00 1.80586090e+00 9.66635376e+00
 5.99879966e+00 1.39910700e+00 8.24908707e-02 3.87460632e+00
 1.09638631e+01 8.12574983e-01 5.86600340e+00 3.03204678e-01
 9.92305879e-01 1.42222343e+01 1.02351310e+01 6.30324963e-02
 3.92844846e+00 4.81263706e+00 2.44728855e-01 9.89737790e-01
 7.23045043e+00 4.45912083e+00 3.64890842e+00 2.68166100e-02
 7.40520402e+00 1.96260371e+00 3.49389868e+00 1.95583152e+00
 7.91139927e+00 1.29604599e-01 6.88338857e+00 6.19176242e-01
 7.70304327e+00 3.72382818e+00 6.91427234e-01 9.78155609e-02
 7.31111368e-01 1.02023649e+00 4.56186055e-01 5.66316943e+00
 1.16273509e+00 1.09952621e+01 8.99567262e+00 9.38303944e-01
 5.45028946e-01 1.20496322e+00 1.67385685e+00 1.41365496e+00
 2.28314459e+00 8.01624508e-01 4.63477495e+00 1.43407349e+00
 7.60314780e+00 3.90155197e+00 2.98670343e+00 9.84593151e-01
 1.46130733e+00 5.08937146e-01 3.74852105e+00 3.38692157e+00
 5.93947508e+00 7.55411591e-02 3.13934026e+00 1.15067901e+00
 4.14008577e+00 1.05110405e+01 5.72508692e-01 1.36004074e+00
 7.99796328e-01 3.70626795e+00 2.58836647e-01 3.78960340e-01
 4.45176494e+00 7.05048056e-01 2.14165562e+00 2.12860606e+00
 9.63415533e-01 5.43295053e-01 1.77079059e+00 8.99621032e-01
 5.86060639e-01 5.36686471e+00 1.26663912e-02 2.39051953e-01
 8.34680644e-01 1.07858562e+00 3.11138969e+00 6.37990989e+00
 7.71789290e-01 7.16542106e-01 3.29488130e+00 4.99003760e-01
 9.56938937e-01 3.60371243e+00 1.39868762e+00 1.41597212e+00
 2.32703437e+00 1.20458174e-02 3.45992346e+00 9.60659718e-01
 8.98893485e+00 1.88067136e+00 3.65488903e+00 1.13081324e+00
 7.64120762e+00 8.86490321e-02 1.66656194e+00 7.70741639e-01
 9.21498390e-01 6.78028516e+00 7.36812979e+00 8.89140175e+00
 2.07368045e+00 4.39208244e-01 2.95023899e+00 2.03869047e-01
 2.90375478e+00 3.27369818e+00 1.26900354e-01 6.19700243e+00
 3.39732238e+00 1.87870564e-01 3.21072750e+00 1.94353544e+00
 6.31764112e-01 3.26328794e-01 2.70627199e+00 2.69881580e+00
 3.02519522e+00 3.67655385e+00 7.85326829e-01 1.30359429e+00
 1.72121244e+00 3.26447038e+00 3.96215977e+00 1.25160048e+00
 2.34263412e+00 1.02567302e+00 1.80291643e+00 3.78156233e+00
 2.96024516e+00 1.19537776e+00 8.16795454e+00 1.30221312e+01
 2.64391516e-01 1.12160756e+00 3.88194362e+00 6.01644731e-01
 2.94867598e-01 2.27415062e+01 5.75752203e+00 1.86760482e+00
 9.56538516e+00 2.92303139e+00 4.02308074e-01 2.29011317e+00
 3.42455260e+00 1.26779919e+00 6.32033092e-01 6.75035359e-02
 5.74639059e+00 3.28364534e+00 2.66985129e-02 1.77262944e+00
 6.69832955e+00 6.66499380e-01 2.35345711e+00 2.93912335e+00
 1.28994354e+00 1.22220689e+00 1.01587069e+00 8.11261954e-01
 6.70784785e+00 6.00747302e-01 6.27729645e-01 3.39662360e+00
 1.85373164e-01 3.29045339e+00 5.82476211e+00 1.97599825e+00
 8.80686244e-01 6.14290871e-01 1.03049290e+00 2.92155572e+00
 3.21786134e+00 1.40666141e+00 7.03668050e+00 6.44504310e-01
 2.06762332e-01 1.64418893e+00 2.68293394e+00 1.54501929e+00
 3.31634863e+00 3.25678237e+00 2.89126268e+00 9.59446448e-01
 1.36763007e+00 8.27652520e-01 1.80006040e+00 6.53644930e-01
 1.95400078e+00 3.13694315e+00 1.14209067e+01 1.01554994e+00
 2.38798687e+00 3.80672111e+00 1.64272124e+00 2.06109521e+00
 5.25099765e+00 1.41905428e+01 2.47676263e-01 2.33340773e+00
 2.83375931e-02 7.94252577e-01 2.65920721e+00 5.04604788e+00
 5.27000911e+00 1.57182715e+00 1.79183593e+00 1.04485046e+00
 2.66176826e-01 5.43673234e+00 2.28632028e+00 5.43709202e+00
 2.21155660e+00 1.05730740e+01 9.42464117e-01 3.19335553e+00
 1.63916172e+00 2.90577708e+00 2.38021652e+00 4.02363061e+00
 5.51501866e-01 6.00142528e+00 6.98700071e+00 1.96786655e+00
 7.54441635e+00 9.64641178e+00 1.11236488e+00 9.79990328e-01
 2.35829037e+00 3.79805004e+00 2.07756354e+00 7.41274807e+00
 2.49212147e+00 5.11067134e+00 4.44051200e+00 1.63683903e+00
 2.95687193e+00 3.75495445e-01 1.87609007e+00 2.21369624e-01
 8.19542452e-01 7.98266764e-01 4.29897405e+00 7.76192426e-01
 2.60882672e-01 1.03212613e+00 1.36937728e+00 4.03496546e+00
 1.81097002e+00 6.45402157e+00 1.12847735e+00 2.66780412e+00
 2.93103103e-01 7.12496907e-02 1.08020696e+01 4.89101705e+00
 1.72665204e-01 1.59681962e+01 7.77680216e+00 2.51763349e+00
 2.47818680e+00 3.72895303e+00 2.28110075e+00 4.42618820e+00
 7.81718266e-01 7.20230596e-01 1.07749581e+00 2.15841497e+00
 1.55708258e+00 8.49351956e-01 8.09825860e+00 8.56992997e-01
 2.11048586e+00 1.83243276e+00 8.17936308e+00 1.23951065e+00
 4.23669477e+00 7.67079848e+00 8.98241843e-02 3.64589995e-01
 6.85070696e+00 1.94108686e+00 1.62812420e+00 3.69952280e-01
 3.07508810e+00 1.22782542e+00 6.63966583e+00 4.51071621e+00
 2.77640562e+00 2.67322635e+00 1.00365814e-01 8.47050942e+00
 1.36373869e+01 1.19138441e-01 4.82911138e+00 8.12833660e-01
 1.61596838e+00 5.14320557e-01 1.29411662e+00 3.23410187e-01
 3.30895175e+00 5.82789736e-01 6.32060244e+00 1.92343209e+00
 8.00918629e-01 2.20695188e-01 9.72235298e+00 1.10014008e+00
 5.46814411e+00 1.64600249e+00 6.49511728e+00 1.66953630e+00
 1.03875398e+01 5.21145933e+00 4.04125602e+00 2.49894311e+00
 3.41973564e+00 4.75507669e+00 3.56128044e-01 1.54694025e+00
 9.27379548e-01 2.20587441e-01 5.03053062e+00 1.28761408e-01
 9.30891547e+00 2.45940280e-01 1.87479451e-01 2.91910396e+00
 7.19751178e-01 1.63316328e+01 7.43666381e+00 2.76614554e+00
 1.68304227e+00 2.76328476e+00 2.68069938e+00 5.01757724e+00
 7.66392117e-01 3.47204957e+00 9.54298639e-01 4.70072286e+00
 1.85213434e+00 2.43994813e+00 2.41376265e+00 1.27908707e+00
 7.28650969e-02 3.62157284e-01 4.58328889e-01 2.27529835e+00
 2.17929887e+00 1.81182969e+00 1.88510795e-01 4.54529243e+00
 2.03470573e+00 3.16783743e+00 1.05279020e+00 1.00072150e+00
 9.65163163e-01 7.47121091e-01 7.25492277e+00 1.02530719e+00
 8.85540694e-01 6.00896692e-01 1.52027157e+00 2.02004922e+00
 1.74969218e+00 4.63370222e+00 3.16426849e+00 8.19184497e+00
 3.06861821e-01 5.89862711e+00 1.90880680e+00 1.50610815e+01
 1.08490652e+01 1.97390696e+00 1.25451770e+01 1.37149871e+00
 1.39760875e+00 2.10735660e+00 1.81808109e+00 1.93122653e+00
 6.35350715e-01 5.54051493e+00 3.25851680e-02 3.30965357e+00
 4.16808465e+00 1.83513666e-02 2.93237602e-01 2.43942296e+00
 1.67589341e+00 6.36493492e+00 9.98401941e-01 9.03273756e+00
 3.94296923e+00 6.66157344e-01 3.11116329e+00 2.28180915e+00
 2.19600540e+00 5.61102438e+00 7.67418762e+00 4.51484807e+00
 9.73800184e+00 2.57106284e+00 7.24918570e+00 2.51743064e-01
 2.68022761e+00 2.03963103e+00 8.23806307e+00 6.57832625e-01
 5.25344081e+00 2.00491487e-01 1.13939639e+00 7.00841651e-01
 1.01419848e+01 3.77243783e+00 1.02891659e+00 1.73790804e+01
 1.83693272e+00 1.46498208e+00 2.95788633e+00 4.71005721e+00
 2.18382536e+00 1.02800187e-01 2.21886283e+00 2.28634311e+00
 2.55061099e+00 1.22421872e+00 1.20448045e+00 5.26389472e+00
 4.64715635e+00 2.77033130e+00 9.89324195e-01 3.26527725e+00
 1.80171252e+00 1.85252630e+00 1.37414417e+00 4.02637134e+00
 3.41537590e+00 5.20329056e-02 3.64171081e+00 4.55170564e+00
 1.63405340e+00 8.27759658e-01 7.09227171e-01 1.82727860e-01
 5.52596969e+00 8.20817137e+00 3.25589951e+00 1.31222957e+01
 7.91122840e-01 1.15682968e+00 1.85825212e+00 1.69345469e+00
 1.19347216e+01 9.53493183e+00 5.29440850e+00 4.67948009e+00
 7.60600052e-02 3.42144630e+00 6.20856029e+00 4.22877564e+00
 3.73919396e+00 3.47434130e-01 5.68438057e+00 3.41190789e+00
 1.93859506e+00 6.73819277e-01 2.22748318e+00 4.14207373e-01
 2.12441818e+00 3.71861056e+00 7.61281415e-01 7.45832033e+00
 1.62957431e+00 6.50357446e+00 5.68673995e+00 4.06967529e+00
 2.11493651e-01 3.65584918e+00 1.84799550e+00 1.49167374e+01
 6.03207422e+00 9.62381635e-01 1.66820766e+00 1.12983693e+01
 1.14836112e+00 2.09367062e+00 7.26155876e-01 1.88634381e+00
 7.37793319e+00 8.29818050e+00 2.34865487e+00 7.77513677e+00
 3.26338680e-01 1.42133486e+00 3.90827037e+00 3.63779762e+00
 4.14285947e-01 4.84169300e+00 1.02886009e+00 2.67746644e+00
 4.60766550e+00 1.01222030e+00 1.76625406e+00 3.62468190e-01
 1.56551045e+00 9.32882178e-01 2.96125166e+00 1.39309316e+01
 1.03939154e+00 2.12008849e+00 5.07677653e+00 5.93754796e+00
 8.93063715e+00 2.99803568e+00 1.90745618e+00 1.83377835e-01
 6.42296474e+00 4.70130365e-01 8.97719849e-01 3.09988080e+00
 4.12955360e+00 1.85507438e-01 2.85390983e-01 2.16385744e+00
 5.70751817e+00 2.80752052e+00 1.52069285e+00 1.05390999e+01
 7.16584920e-01 4.02349478e+00 4.50146626e-01 3.79907068e+00
 3.56934145e+00 1.39956799e+00 6.88167056e+00 1.16914250e+00
 4.01074273e+00 1.11626811e+00 3.15971504e-04 9.02588294e+00
 6.73415541e+00 1.32207552e+00 1.40387747e+01 6.44681354e+00
 2.79461909e+00 3.29155811e+00 6.31676288e+00 8.44558140e-02
 5.95496529e+00 4.18552457e+00 5.52557992e-01 4.70501948e-02
 4.86496877e+00 8.08283684e-01 2.69710912e+00 9.27100520e-01
 4.38323979e+00 2.97166177e-01 1.81376522e+00 3.12718236e+00
 9.81541424e-01 1.39050308e+01 3.43717261e+00 3.31451650e+00
 1.24619597e+00 1.38608551e+00 4.42891013e-01 1.62978451e-01
 2.68824099e+00 3.62650875e+00 1.44694009e+00 3.54653121e+00
 2.93273245e-01 7.70197052e-01 1.60334087e+00 6.22721192e+00
 2.08976136e+00 4.17803066e+00 8.60654034e+00 4.59116558e-01
 3.00656211e+00 2.26360692e-01 5.32329525e+00 1.60603278e+00
 4.95743569e-01 7.19806021e-01 7.31636289e+00 1.03065220e+00
 9.88670822e-01 1.83703472e+00 4.57282427e+00 8.23773053e-01
 1.44640023e+00 1.50782052e+00 2.34915664e+00 2.11180322e+00
 3.12410934e+00 2.45758212e+00 1.30593936e-02 1.66332205e+00
 2.76346195e-01 8.72448712e-01 2.54405071e+00 8.30413610e+00
 2.88439582e+00 5.72994722e+00 6.12655953e+00 1.56005387e+00
 3.56912198e-01 4.56711718e+00 1.97035506e+00 8.25863854e-01
 2.27235021e+00 1.62999729e+00 6.54142297e+00 4.36519009e+00
 5.87691787e+00 1.01368060e+01 1.90108931e+00 2.15421638e-01
 3.05581738e+00 3.75835617e+00 1.30332984e+00 2.03579522e+00
 5.21785653e-01 1.94444080e+00 4.75868624e+00 7.38663707e+00
 5.52077121e+00 1.16133059e+01 4.92530494e+00 1.37394581e+00
 7.65287158e+00 4.46048482e-01 9.28500244e-02 1.77338773e+00
 7.00637399e-01 4.84790576e+00 3.60136838e-01 2.43995170e-01
 2.82116242e-01 3.20299302e+00 1.60137565e+01 6.49778493e+00
 9.32539777e+00 1.21509713e+00 1.31060044e-01 2.29382271e-01
 2.59028881e+00 1.18320974e+00 1.15962204e+00 7.52243494e+00
 1.00535088e-01 8.85710488e-01 4.94076574e+00 1.86982191e+00
 2.21776233e+00 5.18407214e-01 1.86805164e+00 1.17564582e+00
 2.04707188e+00 6.48610527e-03 2.30872505e+00 8.73138945e+00
 2.74628668e+00 3.72575889e+00 2.83249738e+00 2.64273042e+00]