[7.64241611e-02 1.44415623e+00 7.33894495e-01 2.51429962e-02
 2.50449526e-01 1.26515141e+00 1.72717347e-01 5.49491084e-01
 5.01296675e-01 2.72652284e-02 2.84868120e-02 5.40691728e-01
 2.47192098e-01 7.76874381e-01 1.25233803e-01 4.93888113e-02
 1.22977361e+00 1.32361286e+00 1.39342934e-01 6.39753792e-01
 9.91808182e-01 3.86539498e-01 3.59275763e-01 5.77584240e-01
 8.47338788e-01 2.16877793e-03 2.01208877e-01 2.66275962e+00
 1.70630558e+00 1.12501741e+00 2.58299516e-01 4.54442268e-01
 2.46921983e-01 2.91966826e-01 8.61877985e-01 2.24308256e-01
 4.57111896e-01 2.37936482e-01 9.99227898e-01 3.73112048e-01
 8.92127198e-01 9.99566709e-01 2.65287167e-01 5.76699606e-02
 8.04508374e-02 1.23283385e-02 1.90049568e+00 3.06655220e-01
 1.59255346e+00 3.86334922e-01 4.41377297e-01 3.13177775e-01
 5.87971135e-01 1.81448112e-01 1.02379281e-02 2.48412336e-01
 2.58657725e-01 2.19889626e+00 6.24321361e-01 1.13480629e+00
 1.70578223e-01 8.05078827e-01 1.88350459e-01 4.74351404e-01
 3.67659187e-02 6.49102964e-01 1.87030033e+00 1.04426172e-01
 1.44143423e+00 1.80726097e-01 1.22519753e+00 1.67665700e+00
 4.54429867e-01 5.28053947e-01 1.21442300e+00 6.24950794e-01
 1.08092537e+00 5.27284461e-01 1.32403439e+00 9.19037240e-01
 3.19637954e-01 1.13143155e-01 1.65518993e-01 6.40490134e-01
 1.62756798e-01 8.02591654e-01 8.72626416e-01 2.07246889e-01
 5.64855621e-01 1.55559780e+00 1.24802504e+00 1.54851761e+00
 3.14376240e-01 2.04328417e-01 4.07812015e-02 7.09514741e-01
 6.33174225e-01 3.71607023e-01 1.76315099e-01 3.09142378e-01
 3.45975445e-02 1.21371018e+00 4.15122918e+00 1.81122260e-01
 2.38261351e+00 3.22135557e+00 5.23408702e-03 9.70915083e-01
 4.37939301e-01 7.19417080e-01 3.04721169e-01 3.61532945e-02
 1.03307211e+00 2.34695617e-01 1.16519654e+00 8.72815734e-01
 1.11728872e-01 6.96562920e-01 4.41389734e-01 2.03433939e-01
 5.44570986e-01 1.99969361e+00 4.05106974e-01 8.89252018e-01
 2.24634356e+00 2.98954117e-01 1.92421905e-01 1.84321750e-01
 3.12431153e-01 1.36125359e-01 1.09040771e-01 1.01818506e+00
 5.77724449e-01 2.81328368e-01 2.48110204e-01 2.83918051e+00
 5.32799305e-01 4.42095845e-01 1.52581399e+00 5.45498011e-01
 1.35276287e-02 3.45812973e-01 8.56155815e-02 7.78926337e-01
 9.31589218e-01 1.45591706e+00 3.24262224e-01 1.11978299e-01
 6.55157311e-01 1.52013847e-01 1.01010328e+00 6.67080390e-01
 1.07900518e+00 6.70510584e-02 9.18258029e-02 1.02100619e-01
 5.62901992e-01 3.62171148e-01 5.79196780e-01 2.82764215e-02
 5.76838042e-02 8.33262119e-01 3.62365187e-01 3.96874534e-02
 2.31932553e-02 1.50472752e-02 3.32495182e-01 9.02803647e-01
 5.72597173e-01 4.50027342e-01 3.80362502e-01 7.69962080e-01
 1.98542163e+00 1.13718911e+00 5.64519917e-01 6.48218054e-01
 1.11839320e+00 2.90758352e-01 1.46303192e+00 1.10970809e-01
 2.11475477e+00 1.26085734e+00 1.80824366e-01 3.45713944e-01
 6.65476859e-02 1.74358400e-02 5.58684955e-01 2.57760770e-01
 4.74257237e-01 3.74857273e-01 1.57860077e+00 8.09478940e-01
 1.97199249e-01 2.74176885e+00 1.31148607e+00 1.10803735e+00
 2.12008153e-01 6.78934969e-01 4.43728615e-01 2.56437469e-02
 3.37199107e-01 1.98886785e-03 9.80326855e-01 8.46420532e-01
 1.00781178e+00 3.59830291e-01 9.13228404e-01 8.30137048e-01
 7.07797274e-01 3.57051432e-01 5.92323933e-01 1.43901506e+00
 6.37013245e-01 5.05382042e-02 4.94898374e-01 3.40665194e-01
 8.79930172e-01 2.44343897e+00 1.16908775e+00 2.69109329e-01
 1.13430263e-01 3.64216510e-02 4.41511272e-01 8.14591251e-02
 5.56914404e-02 9.65181259e-01 1.31706495e+00 4.25917887e+00
 7.84378542e-01 2.48315552e+00 2.08315106e-01 1.65320112e+00
 1.31167475e+00 5.89966950e-02 8.63119304e-01 2.05253611e-01
 2.89767975e-01 4.87309235e-02 2.50551921e+00 1.13436306e+00
 1.85878379e-01 8.27778263e-01 4.91498122e-01 3.46859022e-01
 1.49681260e+00 7.01829639e-02 5.69489638e-01 1.32557711e+00
 1.69098534e+00 2.41587848e-01 1.03947989e+00 1.07079810e+00
 8.54706767e-01 1.50395123e+00 3.36099247e-01 5.50592949e-02
 1.60967475e+00 3.76474620e+00 4.17601883e-02 5.50249887e-02
 5.75173472e-01 9.40255173e-01 6.59062354e-02 3.03616115e-01
 1.87783706e-02 6.55030545e-01 5.76474811e+00 1.47140598e-02
 1.00181441e-01 1.40754303e-01 5.23893507e-01 8.01830244e-02
 3.11164483e-01 2.29041783e+00 2.27944191e+00 3.58043559e-01
 3.35669108e-02 5.55732581e-01 3.58024604e+00 8.31632875e-01
 7.73858238e-01 9.38639999e-02 9.65489048e-01 1.70523446e-01
 6.07858519e-01 2.20760769e-01 8.46694316e-01 9.07625432e-01
 4.43968154e-01 2.73283366e+00 1.03655670e+00 6.52417117e-01
 2.16562302e-01 2.29303287e+00 3.61962420e-01 2.74837444e-01
 1.47954861e+00 3.06708665e-01 6.32073618e-02 1.26497082e-01
 3.25192676e-03 5.27398398e-01 5.09888975e-02 1.08669380e+00
 2.31968687e-01 1.60428255e+00 3.79640035e-01 7.05876271e-01
 8.02554110e-01 6.55036137e-03 1.36873927e+00 6.72134123e-01
 1.43979454e-01 9.60127882e-02 2.92235996e-01 3.58762980e-01
 7.40630913e-01 8.28126998e-01 6.81180211e-02 4.84272476e-02
 5.97948843e-01 4.77650724e-01 2.85122177e-01 5.07247725e-01
 4.05855021e-01 4.86989932e-01 2.40089960e-01 1.24947693e+00
 3.02955576e-01 8.10805872e-02 1.71205567e+00 1.38524133e+00
 8.07363918e-01 3.15354480e-01 1.19739956e-01 1.47851428e+00
 4.66970774e-02 7.25456002e-01 6.19892048e-01 9.20971934e-01
 3.32725523e-01 2.06343206e+00 1.29462500e+00 1.30089025e-01
 9.53244072e-01 7.16124910e-01 6.86573652e-01 2.24689105e-01
 2.97911014e-01 2.41008746e-02 1.39790552e-01 7.23507789e-02
 6.59775001e-01 1.13128533e+00 1.17605605e+00 3.22168130e-02
 3.58322555e-01 4.85395546e-01 8.60063835e-01 1.45582637e-01
 2.12206622e+00 9.15344826e-01 2.55015372e+00 7.50926906e-01
 9.59635020e-01 5.25443998e-01 6.64394501e-02 1.25346866e+00
 2.06349108e+00 2.14101221e+00 9.96856010e-01 5.63207988e-01
 4.43400943e-01 2.67919610e-01 6.01479324e-02 1.37782500e+00
 2.54769533e-01 2.05417458e-02 5.97168248e-02 1.21789057e+00
 1.08110105e+00 2.94772344e-01 3.80237100e-01 1.12705955e-01
 2.39279432e-01 2.17011975e+00 1.25437847e+00 1.75745577e+00
 3.07192076e-01 3.00329306e-01 5.57035016e-01 7.58761232e-01
 1.50991151e+00 1.24752044e+00 4.11360667e-01 5.45786145e-01
 5.14396722e-01 2.11420424e+00 7.65305694e-01 1.57727789e+00
 2.84526837e+00 4.44719600e-01 1.39452327e+00 4.36874538e-01
 5.72953048e-01 1.35675352e+00 3.55014993e-01 1.16893144e+00
 2.71541486e-03 5.07751043e-01 2.57100036e-01 3.45500577e-01
 5.82974710e-01 7.97655614e-02 1.44401756e+00 2.70789248e-01
 1.20613463e-01 3.16957300e-01 4.86204217e-01 8.20349241e-02
 6.37947308e-01 3.68266886e-02 1.64608007e-01 9.54191130e-01
 2.19253435e+00 1.27036909e-01 1.16069804e-01 3.44521093e-01
 1.47911070e+00 2.93424875e+00 3.50329258e-01 9.25900605e-01
 9.37788944e-01 1.14825088e+00 4.91387285e-01 1.15219576e+00
 8.14453416e-01 1.20446487e+00 2.08388268e-01 2.79424309e-01
 4.51186064e-01 5.83501008e-01 2.48265540e-01 2.72801672e-02
 6.05744665e-01 1.32104041e+00 3.84997499e-01 2.62400196e-01
 6.25223572e-01 6.31044152e-02 1.61758425e-01 1.13408632e+00
 2.04818286e+00 6.71646579e-01 4.12548617e-01 8.96620409e-02
 5.35626565e-01 2.42609137e-01 4.26030755e-01 1.36583641e-01
 1.11178040e-01 5.97536724e-01 6.18615130e-01 1.06433190e-01
 1.59289850e-01 6.17018997e-01 7.95213707e-03 7.16805023e-02
 9.93875850e-01 2.69774812e-01 2.31993588e-01 5.98467501e-02
 5.63198693e-01 4.70774215e-01 1.40898542e+00 8.32936444e-01
 7.25497996e-02 9.92478271e-02 1.53627717e-01 8.91736600e-01
 3.26324067e+00 6.00314657e-01 4.12661807e-01 1.00714494e+00
 6.19613681e-01 8.43229729e-01 3.19373238e-01 7.95863881e-02
 1.06686238e+00 3.35813896e-01 1.07893955e+00 2.98549223e-01
 8.48754821e-01 4.90387052e-02 2.65113529e-01 3.28092187e+00
 3.51576200e-02 3.53956317e-01 9.41077083e-01 5.60929865e-01
 8.98223189e-02 2.23295565e-01 7.83568149e-01 6.47693475e-01
 2.43427211e-01 4.18298544e-01 1.40143705e-01 3.60522901e-01
 3.34641267e-01 2.44184573e+00 2.09152227e+00 3.86262742e-01
 2.41713476e+00 8.62590625e-02 2.84568335e-01 3.97866331e-01
 2.63673280e+00 2.13445174e+00 9.17205923e-01 4.26375276e-02
 7.94389012e-01 7.03936058e-01 3.32489253e-01 2.14547917e+00
 1.40278986e-01 5.72619937e-02 6.88673411e-01 6.29066207e-03
 1.78291761e-01 8.03987278e-01 4.97068239e-01 3.66021715e-01
 3.76005061e-01 5.61222302e-01 1.00374432e+00 1.71850431e-01
 9.86003087e-01 2.15186214e-01 7.35814318e-01 1.43834834e-01
 9.68338531e-01 2.34260162e+00 1.04997246e-01 3.27556554e+00
 1.07718130e+00 1.43804181e-01 1.60490698e-01 8.59448774e-01
 6.04772784e-01 6.07114893e-01 1.44090766e-01 5.13044829e-01
 9.68124503e-01 1.47696692e+00 1.30900591e+00 2.20301702e+00
 4.87016925e-01 4.97553385e-01 9.18234159e-01 1.14917346e-01
 2.33197301e+00 5.70488637e-01 2.36470260e-02 4.79089704e-01
 7.95885750e-01 1.39591895e+00 7.43266868e-01 1.37185172e-02
 1.56015496e-01 7.31507279e-01 2.07562923e-01 3.95750095e-01
 9.74302808e-01 1.24756785e+00 2.40751711e-01 3.28648787e-01
 6.31079849e-01 2.51075911e+00 2.13400422e-02 5.42292828e-02
 8.16409116e-01 8.15700457e-02 3.30233951e+00 2.03460198e-01
 3.74184956e-01 1.35711033e+00 5.14644252e-01 1.84807112e+00
 2.21017930e-02 8.33093738e-01 2.62725293e-01 6.60544495e-01
 2.52737104e+00 1.08670666e+00 2.16832848e+00 1.39911097e+00
 1.47125669e-01 1.83222440e-01 4.92344196e-01 3.59987922e-01
 1.72634948e+00 8.73706587e-01 3.00822300e-02 6.27283332e-01
 1.38015286e-01 1.25739996e+00 4.31612162e-01 6.80412639e-01
 3.63195411e-01 8.04890135e-01 4.19294658e-01 1.12366035e+00
 2.12349035e-01 7.27104473e-01 1.89555726e-01 1.47197453e+00
 3.73722207e-01 5.81530949e-02 2.47509691e+00 5.34994887e-01
 7.73333035e-01 1.65047991e+00 2.12239807e+00 3.34237339e-01
 8.70248812e-01 9.98753909e-01 4.05050809e-01 3.41155353e-01
 1.12523204e-01 2.19134558e-01 1.41529321e+00 4.24043681e-01
 2.15848136e-01 7.02732186e-01 2.85815427e-01 7.11256928e-01
 2.89519498e-01 6.41215145e-01 2.45129493e+00 3.81040325e-01
 2.14979849e-01 6.28068331e-01 2.06631512e-01 4.97577504e-01
 6.46242349e-01 1.40104233e-01 3.76101522e-01 1.68526450e+00
 1.40261490e+00 1.22938801e+00 1.45533958e+00 1.53768092e+00
 3.42222908e-01 1.77583066e+00 4.19635722e+00 2.84885830e-01
 3.40904263e-01 2.38643956e-01 1.34808693e-01 5.03462391e-02
 4.76813114e-01 2.99511888e-01 3.26174535e+00 8.85760323e-01
 4.07901190e-02 1.93867513e-01 7.39568844e-02 1.00939031e+00
 1.89131009e-01 3.68023171e-01 1.84827939e+00 1.39345799e+00
 2.67683048e-01 1.90310180e-01 1.20360228e+00 5.33535718e-01
 1.40530879e+00 2.57760312e+00 1.68464845e+00 5.05349891e-01
 9.07080545e-01 9.67009513e-02 4.25617700e-01 3.80050168e-01
 5.92353605e-02 1.22831467e+00 2.45974279e-01 8.62209387e-01
 7.40580967e-02 1.38305189e+00 1.10169805e+00 2.74016616e-01
 9.70796826e-02 2.81248410e+00 9.02108340e-01 1.51725322e+00
 4.96741832e-02 1.56428107e+00 1.97877616e-01 1.32358872e+00
 1.25083086e+00 7.46871501e-01 1.35529344e+00 6.40354516e-01
 3.63097229e-01 9.09739035e-02 7.00605922e-02 3.50659972e-01
 2.06343486e+00 8.06966769e-01 3.76999715e-01 1.06111667e-01
 5.54336009e-02 4.33062828e-01 1.42628555e-01 1.33892316e-01
 1.26450781e-01 1.71239860e-01 5.65898237e-02 8.63999654e-01
 2.01826585e-01 1.06845138e+00 2.87080178e-01 1.78284038e-01
 8.41532548e-01 1.86201419e+00 1.10210536e+00 4.95212177e-01
 1.13743196e-01 5.46517268e-01 1.09238216e-01 9.50203832e-01
 7.37356729e-01 3.08567456e-01 1.27285780e+00 8.10998249e-01
 4.16389732e-02 1.56561870e+00 5.86980853e-01 9.69480987e-02
 3.42763625e-01 4.21409220e-01 1.39904032e-01 1.52974870e+00
 7.62907830e-01 2.87063680e-01 7.61065421e-01 5.95854749e-01
 4.08655478e-01 5.98761239e-01 1.98417827e+00 7.88308339e-01
 8.56665126e-01 9.03465752e-01 6.41947904e-01 4.51683474e-01
 2.09057017e-01 1.85988036e-01 9.72214210e-02 6.37624128e-02
 3.89944444e-01 5.71690632e-02 8.41950826e-01 4.68684834e-01
 2.51070311e-01 7.82357153e-01 1.29586030e+00 1.06704243e+00
 3.83554790e-01 2.87019934e+00 1.37358380e-01 1.21219925e+00
 1.10430437e-01 9.42419111e-01 3.10432789e-01 3.84843868e-01
 6.24449623e-01 5.66685225e-01 3.13694905e-02 5.17266053e-01
 5.73383294e-02 3.85491394e-01 6.47278182e-01 2.51521131e+00
 2.00586974e-02 4.54825263e-01 1.16606903e+00 4.53638197e-01
 6.02219235e-01 1.00358485e+00 1.82839804e-01 1.07067654e+00
 8.88461943e-01 2.38872691e-01 1.68102136e+00 1.41510724e-01
 1.30784423e+00 5.17649950e-01 1.22621080e+00 7.13277754e-01
 6.11470679e-02 2.43085143e+00 5.99308643e-02 4.70613796e-01
 9.31130703e-01 2.42156736e-01 2.63867006e-01 7.11323942e-01
 3.53827476e-01 4.14554619e-01 9.33800898e-01 1.60232618e-01
 5.99232159e-01 1.95510128e-01 1.83702265e+00 6.60924762e-01
 5.14379476e-02 9.32785427e-02 5.84081086e-01 1.11267077e+00
 1.17548029e+00 9.21938740e-02 6.80966731e-02 2.88185913e-01
 4.87677750e-01 1.32787263e+00 1.06034870e+00 4.67157388e-02
 2.19109234e+00 7.23184879e-02 3.15882207e-01 1.20074528e+00
 7.63776297e-01 1.34756329e-01 3.99747247e-01 3.41533686e-01
 5.86859649e-01 5.00832083e-01 3.77141284e-01 7.71836265e-01
 6.69191294e-02 1.35987875e-01 6.28277757e-01 1.60553111e-01
 2.84063408e-01 9.92669638e-01 3.66995905e-01 2.36137729e+00
 5.65545966e-01 5.61302419e-01 1.94910099e-01 1.77097253e+00
 6.97372895e-02 1.06889765e+00 2.41494177e-01 1.19259317e+00
 2.84387106e-01 3.65308901e-01 5.85741431e-01 5.18488028e-03
 2.99275115e-01 1.13410624e-02 1.37373112e-01 1.19040327e+00
 4.67623900e-02 5.80876510e+00 2.21867358e-01 2.69941361e-01
 1.30475389e-01 4.73462549e-01 8.13087172e-01 5.39670667e-01
 3.22571077e-01 4.57251273e-01 1.18711445e+00 9.61531590e-01
 5.05188611e-01 1.67809768e-01 2.19374107e-01 1.30649424e+00
 3.23074619e-01 7.96901914e-02 6.08347634e-01 2.06079115e+00
 1.40806347e+00 5.51437061e+00 3.18689746e-01 2.05215632e-01
 5.11971224e-01 1.68386789e-01 7.00678539e-01 4.09947728e+00
 5.90120134e-01 1.19230319e-02 2.32492987e-01 6.69003499e-01
 1.24823369e-01 2.60373000e-01 9.48748445e-02 3.60302256e-01
 4.28280062e-02 7.31241820e-01 3.01037685e+00 1.45140647e+00
 1.74976698e+00 1.51475544e+00 3.27413471e-01 5.54766341e-01
 8.76349062e-01 1.45241431e+00 9.70688885e-01 3.26900748e-01
 1.41453529e-01 4.98676156e-01 1.15542579e-01 3.43385006e-01
 2.77578741e+00 3.98526051e-02 7.95708361e-01 5.48324204e-01
 1.64772455e-02 2.57175863e-01 2.58728969e-01 1.52554965e+00
 1.07054941e+00 6.48339467e-01 6.88574640e-01 6.85134822e-01
 1.32355253e+00 8.66081049e-01 1.69029208e-01 3.31245262e-01
 1.68886482e+00 2.59719896e-01 1.89558160e-01 4.49756640e-01
 8.12069395e-01 2.72153437e-01 3.60788492e-01 3.10657109e-01
 5.26136496e-01 3.08680705e+00 1.83232028e-01 1.88424038e-01
 5.02124550e-01 8.38802043e-01 4.57405662e-01 3.52783392e-01
 6.99783775e-01 1.77919190e+00 5.56362615e-02 5.04452521e-01
 3.40909452e-02 2.30815434e-01 1.54457970e+00 4.64938337e-01
 2.44011229e-01 2.29173771e-01 2.51249895e-01 1.84492135e-01
 6.30837977e-01 8.18058154e-01 6.00017938e-01 1.30699291e+00
 3.45437221e-02 9.18575537e-02 4.07350916e-01 3.28739658e-01
 1.27165844e+00 4.43735200e-01 1.34840138e+00 1.74602817e+00
 1.72493973e+00 8.48068571e-01 3.30125055e-01 5.60208262e-01
 9.46673655e-01 1.56387985e-01 4.21465392e-01 1.68489204e-01
 2.10900522e-01 9.16024535e-01 1.21858297e+00 2.27170096e-01
 4.07928921e-01 5.31406513e-02 1.16068387e+00 6.26379950e-01
 7.05865448e-01 5.35168278e-01 2.56945562e-01 6.03183464e-01
 1.13946476e-01 2.91085767e-02 3.66864455e-01 6.40229201e-02
 2.29027022e-01 8.92004162e-01 8.41324085e-01 6.84772182e-02]