[1.11026214e+00 5.76578711e-01 1.07991796e+00 8.36558057e-01
 1.02492178e+00 5.37607625e-01 1.83430448e+00 1.29763288e+00
 4.59303152e-01 2.55098859e-01 2.00181938e+00 4.54978453e-01
 6.44963975e-01 2.49389549e+00 4.85293741e-01 1.06883504e+00
 3.59383294e+00 5.04468355e-01 1.48708442e+00 6.99991993e-01
 2.78518913e-01 2.24344225e-01 2.18834017e+00 1.57301798e-01
 3.38407809e-01 4.91386581e-01 2.44883337e-01 1.57706180e+00
 7.31663338e-02 1.47660774e+00 1.22253820e+00 1.08848881e+00
 9.58747259e-01 2.92602387e-01 1.30541582e+00 5.96634683e-02
 7.54737212e-01 8.41021321e-01 1.93881934e-01 2.33556196e-01
 3.41857822e+00 4.96396378e-01 5.31634925e-01 1.49129300e+00
 9.81813738e-01 5.36499000e-03 8.25390870e-01 1.99131863e-01
 9.29301526e-01 2.26410679e-01 1.59056158e-01 2.89431182e-01
 2.86885036e-02 4.57765383e-01 2.33754620e-01 4.96883771e-01
 2.23046747e-01 6.44049073e-01 1.09875349e+00 3.37600183e-01
 4.08642034e-01 5.97026725e-01 4.03614273e-01 2.93563668e-01
 4.48506025e-01 1.05223268e-01 5.92600725e-01 7.28656417e-02
 3.88786738e-01 1.97126458e+00 2.06740415e-01 1.95373823e-01
 6.76224915e-01 1.51254489e+00 2.03919740e+00 1.69573001e+00
 7.81016545e-01 1.80519779e+00 1.30956643e+00 1.98585027e+00
 7.41718868e-01 8.15333656e-01 6.80475239e-01 4.88715887e-03
 2.45161125e-01 6.36986241e-02 1.01135193e+00 1.46139015e+00
 4.50849711e-01 9.79302230e-01 4.45382463e-01 2.70899149e-02
 1.29140909e+00 5.31814164e-01 8.18654889e-01 8.02446195e-01
 4.26765269e+00 1.79537168e+00 9.83835277e-01 3.75102025e-01
 8.06150112e-01 1.94828857e+00 2.31832449e-01 1.19868905e-01
 8.67608073e-01 1.66261499e+00 5.46931669e-02 5.80162898e-01
 2.40949231e-01 6.25036933e-01 1.60681405e-01 3.80196470e-01
 2.43440961e-01 2.70549201e-01 3.82982970e+00 5.01131353e-01
 3.88891873e-01 7.70851320e-01 4.01852810e-01 1.42141545e-01
 5.33424316e-01 1.91605440e-01 5.24997608e-01 1.48496363e+00
 6.38161698e-01 2.33543971e-01 1.27639701e+00 1.55007306e-01
 1.07482827e-01 1.37930254e+00 7.84233172e-02 4.02362658e-01
 5.19923999e-01 2.08388298e-01 2.27318998e+00 7.46476304e-02
 1.36592757e-01 3.04790803e+00 2.93636376e+00 3.04298618e-01
 5.37936472e-01 7.91925151e-01 2.26335775e+00 2.76979923e-01
 7.13312367e-01 1.92939961e+00 8.93082225e-02 1.36052565e+00
 1.50630665e+00 2.12616548e+00 1.01570593e+00 1.20351307e+00
 3.10050351e-02 2.82565721e-01 4.56923978e-01 2.13806502e+00
 1.52495694e+00 5.79545715e-01 1.29468275e+00 6.58927581e-01
 5.30987150e-01 8.41000156e-02 5.10344017e-01 3.09166918e+00
 3.24795818e-01 1.61926396e+00 7.15252294e-01 2.86740839e+00
 1.82577091e-01 1.53882712e+00 1.46300114e+00 1.74586835e+00
 1.10730946e+00 1.24937435e+00 3.45019889e-01 2.45307919e-01
 1.12035079e-01 2.42887680e+00 2.60666410e+00 3.36958392e+00
 1.35268130e+00 1.06235604e-01 1.94822093e+00 7.22874204e-01
 2.34126465e-01 1.74348363e+00 5.06064495e-02 1.13729597e+00
 7.50346581e-01 5.99024012e-01 1.47268918e+00 1.47787430e+00
 1.27118015e+00 1.97508002e+00 3.95166772e-01 4.48617563e-01
 1.89727940e-02 1.34545946e+00 6.05770973e-01 2.64388804e-01
 1.67461612e+00 7.00691415e-01 1.21681470e+00 2.93466549e-01
 6.82639081e-01 2.08649039e+00 6.61661881e-02 8.19893165e-01
 6.99553371e-02 1.65109359e+00 1.03985852e+00 6.70993057e-03
 1.61210048e-01 5.47836463e+00 2.47077805e+00 7.49732368e-01
 1.03384583e+00 4.59098665e-02 1.99615133e+00 1.50105821e+00
 5.16285864e-01 7.13281000e-01 1.88200323e+00 8.65798129e-01
 1.89135121e+00 3.80479731e-01 1.14065869e-01 4.72993521e-01
 6.99402117e-01 2.65875629e-01 1.13464520e-01 5.63940664e-01
 6.18315155e-01 2.97421615e+00 6.35175072e-01 5.87576680e-03
 6.54913239e-02 1.06995054e+00 1.21814113e+00 3.75380554e-01
 4.19844305e-01 6.93254168e-02 7.88731988e-01 2.13531019e+00
 8.04584557e-01 6.52699536e-01 1.96569199e-01 1.12619433e-01
 2.24615259e-01 1.39419005e+00 2.05756294e-01 1.22592819e+00
 9.37816933e-02 1.41617270e-01 1.35296467e+00 1.27047120e-01
 3.84629244e+00 5.03071031e-01 4.69995585e-01 3.05155091e-01
 3.97937670e-01 5.05981801e-01 1.08676809e+00 2.57154987e-01
 3.31344555e-01 5.45033282e-01 3.12509887e-01 2.45876543e-01
 1.34566648e+00 1.00433098e+00 1.36964474e-02 1.29122887e+00
 3.22827356e+00 1.05373524e+00 3.02476223e+00 9.40572028e-01
 3.51469825e+00 1.66732492e+00 1.40314809e+00 6.25936555e-01
 1.32052102e+00 1.36848487e-01 1.52527629e+00 6.70021977e-01
 3.17562784e-01 4.93214331e-02 1.32854697e-01 5.91709869e-01
 1.55896460e-01 2.39161568e+00 1.92367561e-01 2.46938309e+00
 1.64532544e+00 8.65065209e-01 2.09619861e+00 4.64410549e-01
 1.72096995e-01 3.99397473e-01 8.01097657e-01 1.51985557e-01
 1.03469648e+00 1.53681317e-01 8.73093155e-01 1.41924850e+00
 9.28105901e-02 3.26315224e+00 1.02231679e+00 1.57117733e+00
 7.99043081e-01 2.08298391e+00 9.03579672e-01 1.92374364e-01
 5.96772609e-01 6.09517027e-02 1.50320594e+00 1.67373044e+00
 1.70560597e+00 3.54488547e+00 8.82277231e-02 2.98881817e-03
 3.15838288e-01 9.35079289e-01 6.04305476e-01 1.51167983e+00
 4.73948905e-01 1.67653871e+00 7.74344487e-01 2.99105436e+00
 9.32724104e-01 1.35651176e+00 3.45245260e-01 3.36795941e-01
 1.33621519e-02 1.73474899e+00 4.67072815e-01 9.07823957e-02
 1.69371553e+00 2.86890023e-02 1.02174165e+00 1.67790091e+00
 1.81255610e-01 1.66379987e+00 2.89404945e-01 1.16510944e+00
 1.68681357e-01 1.27831511e+00 2.20126182e+00 1.95682250e-01
 1.96183603e+00 8.19087944e-01 2.78101198e+00 1.30737055e+00
 5.32897528e-01 4.16129125e-01 1.17299379e+00 1.05449770e+00
 1.72309234e+00 1.35114101e+00 1.36060418e+00 1.09001025e+00
 2.76822091e-01 8.89507938e-01 1.20949557e+00 8.74418264e-01
 1.57396628e+00 1.44593459e+00 2.66890145e-01 1.87989463e-01
 7.83460334e-02 2.33948121e+00 9.54891984e-01 9.31445749e-01
 4.71268013e-01 4.52982446e-02 2.19270953e-01 4.98247381e-01
 3.36385161e-02 9.34730985e-01 1.10538167e+00 5.07543450e-01
 2.30294624e+00 2.06519329e-01 2.42773466e+00 9.65847738e-02
 2.63371374e-01 1.68449589e-01 8.62073732e-02 5.02461763e-01
 7.50357378e-01 2.02317637e+00 1.50602276e-01 1.89685444e-01
 3.74427800e-01 1.18829517e+00 9.28194381e-01 2.34839105e+00
 6.25141378e-01 3.53339537e-01 1.72417003e+00 2.47625258e+00
 2.88887485e-01 9.05702292e-02 2.09592950e-01 2.76937407e-02
 3.99189628e-01 6.14833348e-01 5.31822995e-01 6.53694864e-01
 1.19061254e-01 5.20449595e-01 1.17363698e+00 1.43314708e+00
 2.08115425e-01 5.48244464e-01 2.85278874e+00 9.50345647e-01
 1.43217068e+00 5.64986582e-01 6.52115351e-02 1.99015613e+00
 2.12089965e-01 6.49431445e-02 1.22584874e-01 1.14422597e+00
 6.22776466e-01 1.06612284e+00 9.90807087e-01 2.79287794e-01
 1.58270499e+00 3.41419081e-01 2.06521726e+00 6.19656804e-01
 6.50404226e-02 1.22972871e+00 6.08529375e-01 1.09464403e+00
 1.06935719e+00 3.71143518e-02 9.67708907e-02 4.82398259e-02
 1.53592328e-01 5.37127573e-01 1.33154248e-01 1.02835826e+00
 1.44781056e+00 6.08542959e-01 1.03612040e+00 1.15709607e-03
 3.11100181e-01 2.23646643e+00 5.79008138e-01 2.66849669e-01
 2.35397296e-01 3.01409490e-01 4.05764084e-01 8.56722633e-01
 2.50937338e+00 3.27674617e-01 3.87117109e-01 3.64538909e+00
 1.92472058e-01 3.90012827e-01 6.52884194e-01 3.14989535e-01
 5.05983205e-01 4.78334004e-01 6.12620356e-01 8.33738830e-03
 9.57389856e-01 4.94129584e-01 1.40900101e-01 3.85813287e-02
 5.62347961e-01 5.60816916e-01 2.03017179e-01 2.45357159e-01
 1.96782349e+00 9.57966078e-02 1.62948589e+00 5.94282134e-01
 3.62894762e-01 7.27056962e-01 3.64650427e-01 1.84774525e+00
 4.70552289e-02 7.31350485e-01 7.94358912e-01 1.66060071e+00
 2.24632199e-01 4.18194801e-01 2.20490950e-01 8.45608642e-01
 4.62705517e-01 2.96648270e+00 1.23575232e+00 1.07548744e-01
 4.49067054e+00 1.02545229e+00 5.79671144e-01 1.74822924e+00
 5.22047682e-01 2.34864682e+00 7.04197355e-02 1.49609451e+00
 3.24309549e-01 9.94024138e-01 7.82201803e-01 1.48103941e-01
 1.05350737e-01 3.58210987e-01 3.02413374e-01 3.45717203e-01
 1.02797920e-01 4.53909866e-01 8.76713611e-01 9.21499512e-01
 1.86014661e+00 2.70361785e-02 9.01431019e-01 8.46867428e-02
 4.82115649e-01 5.18595219e-01 4.68590446e-01 5.61630152e-01
 2.42221945e+00 6.99252408e-01 6.16098869e-01 4.15801937e-01
 4.50738047e-01 5.05676321e-01 1.01532201e+00 3.57022068e-03
 9.60396682e-01 2.90809187e+00 3.98512665e-01 5.78744289e-01
 1.61997967e+00 3.02488528e-01 1.13143221e-01 1.78338510e+00
 1.77931106e-01 3.04284260e-03 4.63606758e-02 2.50859279e+00
 5.77303494e-01 1.07085320e-01 5.21515684e-01 2.40202646e-01
 7.53468890e-01 3.57966878e+00 4.90372501e-01 1.90513952e-01
 5.70888673e+00 5.96229424e-01 1.72486411e-01 1.44997014e+00
 5.52883619e-01 3.56732149e-01 7.82534262e-01 1.19431809e-01
 2.09753442e+00 4.83928447e-01 8.46716312e-01 4.38658377e+00
 1.60435378e+00 1.86093804e-01 6.80696166e-01 2.34522572e+00
 4.39628645e-01 6.26263829e-01 5.66456699e-01 1.10795966e+00
 3.34589357e-01 1.12797268e+00 3.11493966e+00 1.98699511e-01
 2.05774128e-02 3.05731406e-01 5.14741686e-01 2.12780880e+00
 9.60113209e-02 4.58965896e-01 3.86633258e-01 1.75220290e-01
 1.17832323e-02 3.77720260e-01 5.52012817e-01 1.83649833e-01
 9.15535520e-02 1.87726632e-02 1.33140557e-01 1.75886844e+00
 5.37817152e-02 9.30933872e-01 1.72111490e-01 4.74807307e-01
 1.63781848e+00 5.00024334e-01 3.55538621e-01 2.25289113e-01
 1.28219292e+00 1.35897198e+00 1.82480373e+00 4.57694950e-01
 4.99110560e-01 5.46181143e-01 3.47986898e-02 3.14524678e-01
 5.11152668e-01 9.03797012e-01 7.41851764e-01 8.33207202e-01
 2.97389629e-01 4.43304709e-01 8.02950302e-01 1.32024725e+00
 1.52828241e-01 8.52307104e-01 6.39173926e-01 2.94389557e-01
 7.05734358e-01 3.83270939e-01 2.29739336e-01 4.22250041e-01
 7.21059629e-01 1.79432846e+00 4.06872201e-01 1.77494404e+00
 1.16063465e+00 1.73128795e+00 4.83630571e-01 9.37155782e-01
 3.99131599e-02 3.52718060e+00 3.05282549e-02 2.87676209e-01
 9.69316214e-02 2.32140216e-02 2.60507606e+00 9.43083751e-01
 4.93747070e+00 7.94858330e-01 8.31294983e-02 1.54174065e-01
 1.59628935e-01 7.14966308e-01 1.44795325e+00 9.46346100e-01
 1.12327234e+00 1.88107717e+00 1.87805829e-01 1.15397393e+00
 9.53784079e-01 3.83339560e-01 4.64954592e-01 2.55503666e+00
 7.82431120e-02 2.60463407e+00 3.07551667e-01 9.12804851e-01
 1.38290115e-01 4.97616214e-02 8.21223337e-01 2.45796592e-01
 3.18689324e-01 5.90910307e-01 1.84756388e+00 5.59015930e-01
 4.06233185e-01 2.66910153e-01 1.55907048e-01 3.90722255e-02
 9.58477770e-02 3.41927917e-01 4.66570716e-01 1.64855018e+00
 2.09286021e+00 1.87994602e+00 6.15899641e-02 6.16565918e-01
 1.30745726e-01 9.65540905e-01 4.60945026e-01 1.79100455e+00
 4.57045605e-01 1.34235769e+00 6.19096481e-01 3.01479724e+00
 6.35239796e-01 1.59042307e+00 3.25596977e-01 1.33692066e+00
 1.01937203e-02 2.08396691e+00 2.01517260e-01 3.63132156e+00
 4.43189678e-01 3.81493541e-01 1.72203257e-02 1.36478972e-01
 1.75720016e+00 1.92650509e-01 1.66460791e+00 7.15027761e-01
 1.82137728e+00 1.12632245e+00 6.67930173e-01 2.64264134e-01
 1.17595510e+00 6.57055185e-02 1.81918491e+00 9.47043324e-01
 2.84601785e+00 3.03090475e+00 1.37719244e-01 4.63217388e-03
 9.05063161e-02 1.18522762e-02 3.09149858e-01 7.48599821e-02
 1.74638665e-02 3.66531943e-01 2.17391534e+00 3.98312927e-02
 3.20199720e-01 3.48012831e-01 7.63734548e-03 2.58652015e+00
 2.41491767e-01 1.84098870e-01 2.84631514e-01 9.84300284e-01
 9.31872172e-01 1.40578172e-01 4.74993491e-02 5.85126794e-01
 4.30310213e-01 5.98567161e-01 1.11785677e+00 9.07577777e-01
 5.12054230e-01 2.51257419e-01 3.39372343e-01 8.80001762e-01
 1.20227972e+00 1.48332579e+00 1.07877294e+00 8.09672038e-01
 5.98877428e-01 1.42567993e-01 1.24077528e+00 1.98171494e+00
 2.63919727e-01 5.01676901e-01 4.70350301e-01 7.39140485e-02
 1.66852528e+00 1.70700841e-01 4.27325567e-02 4.66348370e-01
 7.93727108e-01 9.11426616e-01 1.59381607e-01 1.45247289e-01
 6.47090318e-01 1.03097878e+00 1.61553559e-01 5.16751103e-01
 4.37701913e-03 3.80225439e-01 2.08380886e-02 5.89340665e-01
 1.54990664e+00 3.72879012e-01 8.53346622e-01 2.46572186e-01
 1.86461993e-01 2.30296070e+00 1.28424484e+00 1.39251580e-01
 5.86701648e-01 1.37819563e+00 7.44716491e-01 3.77106198e-01
 2.01269837e+00 2.98167548e-01 2.20161913e+00 7.48065209e-01
 1.30100629e-01 1.39951773e+00 1.07589965e+00 8.33054389e-01
 9.76062036e-01 9.68804737e-01 6.07263291e-01 3.06181076e-01
 3.90280025e-01 2.85360702e+00 1.10521109e+00 1.26984092e-02
 2.49336547e-01 5.52630597e-01 1.32983464e+00 3.31736280e-01
 1.10786707e+00 1.50934012e-01 7.13160034e-01 1.50106144e+00
 7.83320987e-01 3.30478899e-02 1.14914836e+00 4.67071158e-02
 8.41668927e-01 3.49141436e-01 6.02514591e-01 1.25973620e+00
 7.64091584e-01 3.14456787e+00 8.50968372e-01 2.52612470e+00
 4.07361806e-01 2.86031863e-01 1.33800868e-01 2.11397724e-01
 1.34164726e+00 9.05778126e-01 7.45803915e-01 8.80263567e-01
 3.32723261e-02 2.75191037e-02 1.33830106e+00 2.10761994e+00
 2.46232371e-02 4.27026429e+00 4.94149185e-01 3.31733710e+00
 7.15244819e+00 3.09157635e-01 2.51455988e-01 1.19449981e+00
 2.61851292e+00 5.71209363e-01 1.20947862e+00 9.64945141e-01
 3.78430730e-02 9.91327305e-01 1.38343802e-01 2.16965696e+00
 1.00818397e+00 9.92943123e-02 5.17572553e-02 8.66756768e-02
 2.04262209e-02 1.75036829e+00 7.52595070e-02 9.12221570e-02
 4.31124090e-01 1.89742154e+00 1.68034843e+00 1.01073076e-01
 1.64266245e+00 2.93990917e+00 1.10891522e+00 5.41096296e-01
 1.83068034e+00 7.54681875e-01 1.13023065e+00 2.81074456e-01
 2.31907693e+00 7.61052274e-02 1.67307208e+00 5.54223456e-01
 2.28669235e-01 2.35823918e-01 5.76116267e-01 7.57926420e-01
 3.13695226e-01 5.58262452e-01 3.32648722e-01 7.77790640e-01
 1.92064457e+00 7.91807926e-01 5.31880788e-02 1.28706141e+00
 1.03705144e-01 1.98102202e+00 6.13085977e-02 1.05970631e-01
 1.12819623e+00 9.29663382e-01 1.58555759e+00 3.09390088e-01
 4.52444911e-01 7.60632032e-01 1.37462462e-01 3.03153660e-01
 3.12078143e+00 7.87117900e-02 1.06694988e+00 4.30764322e-01
 8.91447229e-01 3.28116194e-01 7.39963770e-01 1.66078041e-01
 4.02020058e+00 2.72914208e+00 4.15702559e-01 1.03882423e+00
 2.43022369e+00 3.32128196e-01 1.86823708e+00 1.15280439e+00
 1.22714990e+00 9.39716544e-01 9.12922416e-01 5.16325291e-01
 9.55413149e-01 3.98559220e-01 4.25989780e-01 9.60296146e-01
 4.36452619e-01 6.03146765e-02 4.19966953e-01 1.31816621e+00
 7.15932351e-01 4.53192663e-01 1.03471548e+00 1.81202309e-01
 7.45269756e-01 6.78830623e-01 2.63532209e+00 1.78289701e-02
 3.22581009e-01 9.33997529e-01 1.53495672e-01 8.19033826e-01
 1.33993426e-03 1.25453338e-01 2.93858246e+00 1.44796798e-01
 4.21036811e-01 1.14204581e-01 1.02422520e+00 8.96952843e-01
 1.08952587e-01 1.45986919e-01 2.63517187e-01 1.87791259e+00
 2.30465438e-01 1.51567330e+00 7.94116235e-02 5.17084242e-01
 3.13829071e+00 6.21574389e-01 1.81722206e-01 7.92324046e-01
 4.74473874e+00 3.78120272e-01 3.09020753e+00 2.72946513e+00
 7.94414742e-01 1.09393792e+00 1.18814123e+00 1.27439031e-02
 1.65182450e+00 1.06166021e+00 1.81965357e+00 4.54227737e-02
 9.63696586e-01 1.18490234e+00 1.27388109e-04 1.19999806e+00
 1.57629868e+00 1.53482901e+00 1.42185557e+00 6.72402348e-01
 2.19620553e-01 2.38207844e+00 3.98860743e-01 4.69826198e-02
 2.92500497e-02 8.75385176e-01 4.30174628e-01 1.45441349e+00
 1.02380703e+00 1.26887778e+00 4.12874991e-01 5.82641127e-01
 6.70491486e-01 1.33543501e+00 1.02228693e-01 1.85674660e-01
 3.16957125e-01 1.12645920e+00 7.77907243e-01 1.22128059e+00
 1.93292664e+00 1.16167560e+00 1.44377035e-01 6.86629491e-01]