[1.17265558e+00 4.59987436e-01 8.75864909e-01 8.34278768e-01
 3.11394560e-01 1.95274647e-01 2.27429194e+00 6.63061581e-01
 4.42498436e-02 1.80214762e+00 1.90846170e-01 1.29247066e+00
 1.05155204e-01 3.78394450e-01 1.23220276e-01 1.93971235e+00
 5.01629110e-01 1.33373420e-02 1.28617995e+00 9.89611999e-01
 6.49117214e-01 9.08096809e-01 2.35585516e-01 6.15225687e-01
 4.19660826e-01 1.28697756e-01 2.11315826e+00 1.15869716e-01
 9.96122856e-01 7.51207354e-01 4.27066007e-01 1.47695334e+00
 2.29243593e+00 3.83616310e-01 5.22911214e-01 1.05230745e+00
 1.17865537e-01 2.39508534e-01 5.25887410e-01 9.73543922e-01
 3.06246351e-01 3.25127077e-01 5.66878307e-02 1.04206499e+00
 2.19669936e-01 1.62242815e+00 1.10389410e-01 1.37511885e-02
 6.70648150e-01 1.28401864e+00 5.59576592e-01 5.57516248e-01
 2.10477899e+00 3.03651726e+00 1.90226625e+00 2.41205343e-01
 9.57998129e-02 1.50711175e+00 5.77289123e-02 1.14465790e+00
 1.66938532e+00 2.07656888e-01 4.47873941e-01 4.52293602e-01
 1.29924242e+00 1.12269788e+00 1.46614203e+00 1.24205960e+00
 5.65774025e-01 4.97947069e-01 2.48880798e+00 8.87369247e-01
 5.42233041e-01 2.23016632e-01 4.86891724e-01 2.07524760e-02
 4.45846177e-01 3.48340212e-01 7.64234432e-01 2.29091848e+00
 2.18106932e+00 3.26146826e-01 2.73350263e-01 1.87825596e-01
 1.30270626e+00 6.73849287e-01 7.10515279e-01 1.13730108e-01
 9.62078684e-01 2.59006947e-01 1.33557373e+00 3.45100493e-02
 9.80424511e-02 8.60710208e-01 5.88310166e-01 1.69054692e+00
 1.43829901e+00 1.85075215e-01 4.26440897e-01 7.68470706e-01
 1.77817803e-01 1.04180645e+00 1.02849195e+00 1.04475969e+00
 1.26346143e+00 3.25225837e-01 2.12068133e+00 4.31395172e-01
 1.34091831e+00 1.01563195e+00 5.12361745e-01 1.41589079e+00
 3.94312706e-02 6.55383094e-01 3.57405835e-01 1.08742110e+00
 1.51071195e+00 1.88279200e+00 4.83886453e-01 3.49954347e-01
 7.26817513e-02 1.59634855e+00 3.80735583e-01 4.56694538e-01
 1.46078228e+00 2.76029623e+00 9.67304150e-01 1.60163685e-01
 1.11271996e+00 1.19908162e-01 3.55554552e-01 1.04902213e-01
 1.88025149e-01 7.40990947e-01 1.01789881e+00 5.45863131e-01
 1.53936628e-01 6.91088143e-01 3.60467800e-01 6.32027579e-01
 2.00501017e-03 3.96578208e-01 1.47279326e-01 3.81565080e-02
 4.32604878e+00 1.11510995e+00 5.23710834e-01 1.00035882e-01
 1.05823154e-01 3.90438186e-02 2.79649442e-02 1.41556624e+00
 2.17566253e+00 4.76984401e-01 5.53884441e-02 1.40040028e-01
 1.91811548e+00 2.81941986e-01 1.59622380e+00 7.52078675e-01
 9.55379018e-01 7.98075844e-01 1.10865029e-01 2.80255060e-02
 3.08697891e+00 1.46157752e-01 3.30596848e-01 8.66254536e-01
 2.26549829e+00 2.27034761e+00 1.20655959e+00 1.99826121e+00
 1.26432047e-01 1.51965137e+00 2.48895239e-01 6.52681145e-01
 9.15146833e-01 7.02383706e-01 3.75562867e-02 1.28974054e+00
 1.42317926e+00 9.31608386e-01 2.68076050e-01 4.79369160e-01
 3.44389313e-01 2.27205927e-01 2.17996352e+00 3.53050590e-01
 3.69659799e-01 8.31798671e-02 7.43363141e-01 2.91303317e-01
 2.06836399e+00 1.72945685e+00 8.76393786e-01 1.35254020e+00
 1.22996123e+00 9.43655434e-01 1.50180107e+00 2.03116573e-01
 3.03965559e-01 1.25994968e+00 2.53269291e-01 1.96010592e+00
 8.49765456e-01 8.04710669e-01 5.83251989e-01 2.06952943e-01
 4.82715462e-01 2.54961722e+00 3.92728319e-01 6.98941759e-02
 1.11464183e+00 2.02465345e-01 4.10707997e-03 3.83268884e+00
 2.02040058e+00 7.37654985e-01 2.59155238e-01 1.77594437e+00
 5.80455656e-01 7.83815606e-01 9.01594059e-03 1.93627721e+00
 3.76427572e-01 2.66695897e+00 6.64422956e-02 2.20005794e-01
 1.43299374e-01 1.60369391e+00 1.76091806e-02 1.40227772e-01
 3.58761594e-01 1.26774616e+00 5.14946859e-01 1.93715333e-01
 6.75698620e-01 3.45285089e-01 1.24017990e+00 8.30380888e-01
 7.47285211e-01 9.46731841e-02 3.65123185e-02 1.63494760e-01
 2.73251226e+00 1.20295603e-02 1.15426546e-01 2.35693509e+00
 3.28472719e-01 8.75132187e-01 1.48141763e-01 1.87391911e-01
 1.49071118e-01 1.86498429e+00 5.81473579e-01 6.89596019e-01
 1.97366624e+00 3.95596496e+00 4.87206568e-01 2.50296534e+00
 4.95250949e-01 1.31234967e+00 2.11092885e-01 2.22784965e+00
 4.52630449e-01 1.64537870e+00 6.35116376e-01 4.18890782e-01
 8.37592577e-01 1.27908784e+00 9.30692949e-01 3.08575566e+00
 4.69105591e-02 4.32816658e-02 8.70217093e-01 1.02315706e-01
 1.33286103e+00 2.53843998e-01 2.41195732e-01 1.45769604e-01
 1.81703124e+00 6.51491568e-01 3.72744582e-01 2.53105157e-01
 1.84925176e+00 8.19057903e-01 2.36911092e+00 1.08197226e+00
 3.99936542e-01 1.59704690e+00 1.13919477e+00 5.01809743e+00
 1.91841731e-01 1.61357881e+00 6.63741473e-01 4.24311677e+00
 5.39623343e+00 1.03168405e+00 6.18632754e-01 8.08716195e-01
 1.01394215e+00 2.08621460e+00 4.56455008e-01 2.39169879e-01
 2.06556516e+00 2.36363233e+00 7.52277324e-01 1.13522039e+00
 1.16610441e-01 6.15515067e-01 2.07304087e+00 3.05105747e-01
 2.66751633e-01 2.85353783e-02 8.23891506e-02 4.52895738e-01
 2.61388482e-01 4.60559255e-01 4.96074996e-01 8.97206917e-01
 2.40006583e+00 3.70743037e-01 9.82514353e-01 5.49623483e-01
 3.98017521e-01 3.32990135e-01 1.60705438e+00 3.18198853e+00
 4.18376937e-01 4.13120953e-01 7.58326075e-01 3.36194599e-01
 4.59132306e-01 1.07936636e+00 1.11924949e+00 6.30077574e-02
 5.28445219e-01 1.00965210e+00 1.70320450e-01 7.34902362e-01
 6.48463721e-01 2.16586522e+00 2.98815708e-01 1.21722258e+00
 2.81390518e-02 2.08009826e-01 7.29592020e-02 2.48441298e+00
 2.64305179e-01 4.47652480e+00 1.25923542e+00 2.29625952e-01
 9.47865259e-02 4.83849908e-01 2.41922006e-01 1.19597300e+00
 1.04352815e+00 1.67595470e+00 1.08751423e+00 1.26135777e+00
 4.22015969e-01 3.11894551e+00 5.01044646e-01 7.26962426e-01
 8.78093309e-01 2.99158201e-01 2.54848527e-01 1.45798444e+00
 1.02988917e-01 1.28204114e+00 1.80598184e-01 1.51777851e+00
 7.46808274e-01 9.03323896e-01 7.45611563e-01 2.91612531e-01
 2.42422815e+00 8.04269493e-01 2.81268483e+00 1.52732806e-01
 1.60791882e+00 1.29924774e+00 4.61799084e-01 1.26748931e+00
 2.76725497e-01 7.90808971e-01 2.29697387e-01 3.49824679e-01
 2.61739718e-02 3.58576734e+00 8.48623797e-01 1.07691779e+00
 6.17390965e-01 2.71827377e-01 3.77515884e-01 1.05125903e+00
 4.78986114e-01 1.08990221e+00 4.30754402e+00 3.70265343e-01
 4.38826206e-02 2.63468881e-01 2.29319344e-01 4.86041510e-01
 3.31446544e-01 2.50017645e-03 7.57077529e-01 2.01149886e+00
 2.98301189e+00 3.69877835e-01 1.19704982e+00 1.54555119e-01
 1.24140563e+00 2.67689052e-01 1.37269135e+00 2.51278785e-01
 3.08169228e-01 9.79564265e-01 1.99383957e+00 5.91299316e-01
 3.59884072e-01 8.08587519e-01 5.82180350e-01 4.61923015e-01
 1.13241107e+00 1.68127632e+00 6.63416892e-01 2.33099251e-01
 1.44036471e-01 1.05467300e+00 6.42090691e-01 1.27701016e+00
 7.72005473e-01 2.38434688e-02 1.71299486e+00 3.22454240e+00
 1.66803976e+00 5.21124775e-02 2.20740935e-01 2.51659845e-01
 1.28586803e+00 1.97905397e+00 8.71753816e-02 9.16192084e-01
 1.26073107e+00 1.40299462e-01 2.02999194e-02 9.25332424e-02
 1.00869022e+00 1.63530923e-01 4.83269945e-01 2.18862835e-01
 2.97457873e-01 2.22693630e-01 5.11556847e-01 7.92765012e-01
 2.95418657e-01 5.02808508e-01 1.65904032e-01 1.15044206e-01
 1.16026585e+00 1.33348941e+00 4.08457968e-01 8.32469883e-01
 1.45092870e+00 1.66572476e-01 2.97072775e-01 8.84542344e-01
 1.30420103e+00 6.55173364e-01 3.61869105e+00 3.11068157e-01
 2.35447854e-02 7.35606258e-01 5.62650961e-01 2.00962941e+00
 4.22963840e-01 2.23164703e-01 4.86767638e-02 2.38476839e+00
 4.66875206e-01 1.42005780e-01 1.22049391e+00 2.99996332e+00
 4.28853148e-01 5.09673149e+00 1.70132073e-01 3.13719911e-01
 5.95031089e-01 8.38429383e-03 6.42899256e-01 6.55081141e-01
 3.06041497e+00 1.14934720e+00 1.46635323e+00 2.75087991e+00
 2.91845048e-01 5.51090985e-01 1.99185803e+00 1.79868771e+00
 5.48226571e-01 7.15200029e-01 2.35060239e+00 3.95436129e-01
 2.59998349e-01 7.31784551e-01 1.23189630e+00 6.56767527e-02
 4.01037595e-01 1.70416632e+00 3.02849159e-01 2.36938451e+00
 1.31152612e-01 3.15665967e+00 3.42579005e-01 6.00084282e-01
 1.72641778e-01 1.20561493e-01 1.48631781e+00 4.94297118e-01
 1.87738690e-01 1.10488581e-01 8.20018121e-01 2.34716732e+00
 2.62202088e-01 1.44444309e-01 2.35503462e-01 5.48646457e-02
 1.41163598e+00 6.42969547e-01 2.59828821e-01 6.39370500e-01
 1.95827121e-01 3.48282095e-01 1.81003702e+00 3.67857942e-01
 1.50861206e+00 1.10025237e+00 4.10180365e-01 5.31674745e-01
 2.52389014e-01 5.85914142e-01 1.12543386e+00 1.43333372e+00
 3.27813975e-01 7.94945110e-01 7.91185563e-01 4.72237262e-01
 6.97977732e-01 7.16007297e-02 8.45328040e-01 9.30374664e-01
 3.30580063e-01 1.00067331e+00 2.88788057e+00 3.53221087e-01
 6.91430477e-02 5.96134731e-01 1.98970532e-01 5.63731808e-02
 1.16405544e+00 8.01936714e-01 6.10711207e-01 4.51640971e-03
 2.74431162e-01 9.78774104e-01 4.38028286e-01 8.75727504e-01
 1.52522111e+00 5.70223859e-02 1.80940684e+00 2.09520610e-02
 5.98899164e-01 1.60667550e-01 1.52732379e+00 6.76665731e-01
 2.52158512e-01 4.95667416e-01 1.57760607e-01 3.66672281e-01
 5.92671588e-01 1.42963074e-01 2.92260622e-01 7.85824969e-02
 2.06812324e+00 1.03302376e+00 9.64339039e-01 2.08986235e-01
 1.13043366e+00 2.20034435e+00 2.98790597e-01 1.46026470e+00
 1.41991138e+00 6.75767361e-01 4.45274090e-01 1.98244068e+00
 8.02559207e-01 2.50203622e+00 1.47288692e+00 3.72248518e-01
 4.81119136e-01 7.33866233e-01 2.39397162e+00 4.57262289e-01
 7.40275915e-02 9.50115842e-01 2.44085863e+00 6.13742704e-01
 6.06864284e-01 4.72668055e-02 1.11415889e-01 2.82306004e-01
 3.52985064e-01 3.25892854e+00 4.12393913e-01 1.35614192e+00
 9.53702641e-01 2.07738225e-01 3.73714365e-01 7.93985644e-01
 6.74647553e-01 1.39582967e+00 2.92661799e-01 4.34944066e-01
 4.67440804e-01 3.84189660e-02 9.22668270e-02 5.48759976e-01
 4.21269357e+00 4.84513539e-01 1.34439289e+00 1.20201903e+00
 4.80379334e-01 7.95402045e-01 1.60222092e+00 1.34669177e-01
 5.69904786e-01 7.58471936e-01 6.83147772e-02 6.64297993e-01
 5.78099746e-01 5.74009946e-01 1.25337555e-01 7.27680193e-02
 1.20069990e+00 1.47824712e+00 1.65047940e-01 3.44202956e-02
 1.09771687e+00 5.97159413e-01 1.53804567e+00 1.93390411e+00
 8.93316260e-01 2.17273836e+00 3.23185777e-01 5.36624776e-01
 2.48357621e-01 2.79289247e+00 3.31182586e-01 5.47563449e-01
 4.66942640e-01 1.30710215e+00 1.12074704e+00 9.54082941e-01
 7.79655021e-01 5.00004375e-01 1.76047809e+00 5.55720268e-01
 2.45086407e+00 4.50630675e-01 3.34941613e-01 5.10980648e-01
 1.10403315e+00 9.34787340e-01 9.84167748e-01 1.79850290e+00
 9.88449452e-02 9.05480056e-01 1.15226987e-02 1.26980235e+00
 1.01116978e+00 4.27298495e-01 1.54733283e+00 3.51127784e+00
 1.70021804e-01 1.85306728e-01 5.98192169e-01 2.94717073e-02
 8.26956699e-01 2.49619233e-01 4.64033271e-01 1.39067794e+00
 6.45416758e-01 3.05667031e-01 1.41556308e-01 5.83040418e-01
 7.07391554e-01 5.22765211e-01 4.90706140e-01 7.45706220e-02
 4.05012376e-01 3.42550284e-01 2.11486570e-01 1.38773710e+00
 6.59043971e-01 1.17629536e+00 3.70895902e-02 5.96734756e-01
 8.53027446e-01 7.14055035e-01 5.48031501e-01 7.70090239e-01
 2.94413999e-01 5.27381664e-01 1.14106190e+00 1.26409066e-01
 2.72342584e+00 3.02641329e-02 2.45486053e+00 2.90144368e+00
 6.87542605e-01 3.44143049e+00 6.52020537e-01 6.35328816e-01
 1.33688175e-01 2.08739596e-01 1.23423694e+00 1.05532638e-01
 2.00938423e+00 3.22967375e-01 1.62554206e-01 1.73201587e+00
 4.80326200e-01 6.16663628e-01 3.41644251e-02 4.52847337e-01
 2.08179892e-01 4.54051537e-01 2.33338588e-01 2.33688255e-01
 4.00356099e-01 1.74908538e-02 4.43532494e-01 3.17567350e-01
 1.56896916e+00 2.12722512e+00 8.52610312e-01 1.65653298e+00
 7.71866397e-01 3.47800737e-01 5.57646542e-01 2.60215977e+00
 5.88139144e-01 1.74131463e+00 3.66169487e-01 3.00255706e-01
 1.58167612e+00 1.27059655e+00 8.57726361e-02 2.19592779e-01
 1.39833178e+00 1.33606560e+00 9.55543859e-03 1.21544816e+00
 5.01178743e-01 6.83772841e-01 6.85675394e-01 2.73739019e-01
 1.25859949e+00 7.97891923e-01 5.69502203e-01 2.41997155e+00
 6.03028071e-01 3.40760811e-01 1.09132821e-01 8.34169026e-01
 5.22682851e-01 2.46559686e+00 4.91165677e-01 1.27426645e-01
 2.22875571e+00 1.05926521e+00 1.64568602e+00 9.81658370e-01
 2.89260592e-01 4.77808266e+00 2.95358198e+00 3.45393554e+00
 3.53506346e-01 1.09062742e+00 7.86021514e-01 5.51384211e-01
 3.89502237e-03 3.33600032e-01 5.42408811e-01 3.19370313e-01
 4.82594971e-01 1.84640854e-02 2.91337927e-01 1.93609968e-01
 1.29343611e-01 2.53721485e+00 1.66944979e-01 4.03290968e-01
 1.44109024e+00 3.58506936e-01 6.61301366e-01 9.40594776e-01
 3.99066305e-01 8.98674365e-01 1.40383748e-01 3.39293124e+00
 1.32753203e+00 1.66550922e+00 1.21950078e+00 1.29891800e+00
 1.30938473e+00 2.84814816e-02 5.72808737e-01 1.06523183e+00
 3.76948987e-01 1.49871426e+00 1.03602146e-01 1.73677928e-01
 1.54957514e+00 1.61514796e-01 9.87875972e-02 2.85394448e-02
 1.69635949e+00 7.63145840e-01 2.26737982e-01 4.62816011e-01
 2.53088156e-01 3.01425404e+00 5.02027790e-01 1.49191213e+00
 4.73243168e+00 4.59783264e-01 1.90730174e-01 5.96176237e-01
 6.49872850e-01 3.81531257e-01 1.08857942e-01 5.14656919e-01
 9.32966679e-02 3.41287271e-01 1.00940393e+00 9.92443172e-02
 1.11941855e+00 3.06911612e-01 3.84505532e-01 1.56588536e+00
 7.03742937e-01 3.18628463e-01 7.89325497e-01 1.32406372e-01
 2.53473100e-01 1.29408661e+00 2.32536732e+00 5.86371143e-02
 2.73657354e+00 6.01360688e-01 3.45108094e-01 1.32357047e-01
 6.33262320e-01 5.57359444e-01 2.64522335e-02 1.14773671e+00
 6.74224926e-02 4.82404707e-02 1.59698342e+00 1.78559741e-01
 2.14178909e+00 1.15649114e+00 2.92910667e-01 7.41991300e-01
 3.63468094e-01 1.46138297e+00 1.03323030e+00 9.84948540e-02
 2.19238294e-01 5.75593904e-01 1.85291286e+00 3.76540815e-03
 2.96671615e+00 5.17717128e-01 4.40155681e-01 1.44971204e-02
 9.64876368e-01 5.13029896e+00 3.39533120e-01 2.67393156e-01
 2.91944470e-02 1.36339617e+00 2.03924381e-01 2.64937452e+00
 1.16485348e+00 1.60473321e+00 1.39079343e-01 3.12149421e-01
 1.61978620e+00 6.61341064e-01 4.87633999e-01 4.35209304e-01
 1.32614402e+00 9.89533681e-01 1.79183775e+00 6.02857682e-02
 6.09366173e-01 8.43610432e-01 4.09149761e-01 2.00473004e+00
 1.10050850e-01 1.78138073e+00 4.78936326e-01 8.42130094e-01
 8.22489085e-01 5.06204897e-01 8.01780034e-01 2.89274687e+00
 9.94031712e-03 3.80361868e+00 1.07407762e+00 1.65515492e+00
 3.20981908e-01 1.53514898e+00 1.53836551e+00 1.11764362e-01
 1.16092541e+00 2.52320435e+00 1.36333138e+00 8.80060367e-02
 2.43498329e+00 1.01771354e+00 1.68159726e+00 1.59296556e-01
 1.97139565e+00 3.09798538e+00 4.79239555e-01 6.93241295e-01
 1.85223447e-01 5.76320553e-02 6.45168170e-01 1.05677127e+00
 2.11344195e-01 1.35814169e+00 2.47335882e-01 3.06844035e-02
 6.65647680e-01 5.97810559e-01 1.58351141e+00 2.26328862e+00
 1.25113418e-01 1.73007120e-01 1.36315978e+00 1.25835891e+00
 6.80972621e-02 1.47133249e-01 6.18962151e-02 2.37650237e-01
 3.05833070e-01 2.32076884e+00 3.67022350e+00 2.25114651e+00
 3.76647347e-01 2.89571955e+00 2.01835464e-01 1.28866583e+00
 2.37152714e-01 1.85200021e+00 2.39853984e-01 2.04082511e+00
 5.08210400e-02 8.21765771e-01 2.60342253e+00 7.56386575e-01
 1.58580985e-01 8.39298185e-01 5.36893741e-01 1.71287709e+00
 4.30247996e-01 1.37157660e+00 5.11962532e-01 3.80301082e-01
 4.05031292e-01 1.04764309e+00 1.81570434e-01 4.21390586e-01
 1.55794327e-01 5.02224309e-01 2.08135751e-01 3.82940445e-01
 3.43161026e-01 1.28408165e+00 8.43319681e-01 1.75354371e-01
 7.53104202e-01 1.81527395e+00 1.52493495e+00 4.77060587e-01]