[2.66315933e+00 2.01576952e+00 9.12124876e-01 5.57995323e-01
 3.52044448e+00 8.46834522e-01 3.12547992e-01 2.25143305e+00
 1.14672843e+00 2.55589679e+00 1.85514905e+00 2.60790069e+00
 6.66689216e-01 3.33935773e-01 2.58027059e+00 7.95395701e-01
 6.63714599e-01 7.87100427e-01 6.55636032e-01 2.25779785e+00
 1.48247368e+00 2.35549282e-01 9.93473348e-01 1.62386702e+00
 1.17997102e+00 5.33021875e-01 4.75876127e+00 7.44191083e-01
 3.14280162e-01 1.23405075e+00 1.13255593e+00 1.61099195e+00
 1.90736150e+00 7.47862129e-01 2.07582893e+00 8.10297182e-01
 2.22597002e+00 1.80780441e+00 4.65216456e-02 2.24157869e+00
 3.96392881e+00 2.90946829e-02 2.46892447e+00 8.68336295e-01
 9.91160896e-02 8.72541230e-01 1.68190793e+00 1.05539721e+00
 1.57245822e+00 4.25896422e-01 2.12399843e+00 7.10644846e-01
 2.78017589e+00 5.02433420e-01 2.11059716e+00 1.16137533e+00
 1.42355394e+00 1.49023670e+00 1.17052513e-01 7.77310617e+00
 2.73238087e-01 1.61204170e+00 5.17182887e-01 3.35059266e-01
 1.37222353e+00 1.03205077e+00 5.77530681e-01 1.59442044e+00
 3.46604100e-01 6.52260635e-02 2.67892611e+00 9.66981339e-01
 9.97162289e-01 8.00797713e-01 2.38944459e-02 3.98618303e+00
 1.67482009e-01 1.05182332e-01 7.31924966e-01 1.99477252e-01
 1.12766843e+00 3.58697481e+00 3.12841645e+00 7.65055394e-01
 6.07040657e-01 1.24983650e+00 5.46695999e-01 3.85768390e-01
 2.14365812e-02 4.21794377e+00 2.40339319e+00 6.29055773e-01
 1.66301416e+00 4.34681958e+00 1.10817125e+00 4.86679446e-01
 2.71492631e+00 9.26582885e-01 1.73544626e+00 2.18116626e-01
 8.05408542e-01 1.07567676e-01 1.11365182e-01 2.73999779e+00
 1.39411734e+00 1.06128409e+00 5.90636453e-01 1.70182290e+00
 5.16651335e-01 1.71559125e-01 2.98708486e-01 7.37423426e-01
 4.15349560e+00 1.27918865e+00 1.94835463e-01 6.39008969e-01
 5.03658505e-01 1.78688267e+00 2.79407119e+00 5.70388612e-01
 1.93247763e-01 8.35369363e-01 7.62780544e-01 4.98702204e+00
 9.53858123e-01 6.44160050e-02 5.88158515e-01 2.57940671e-01
 1.00769628e-01 3.21097965e-01 1.18530882e-02 5.11796900e-02
 1.45148844e+00 3.02089605e-01 1.62753545e+00 5.76044440e-01
 2.08485831e+00 8.38392550e-02 1.49945716e+00 3.75090176e+00
 3.95913064e-01 5.12827261e-01 1.42404939e+00 1.17377945e+00
 4.78089837e-01 3.34832141e+00 9.46675596e-02 2.22440922e+00
 7.36352146e-01 9.80623712e-01 1.52946667e+00 3.53354369e+00
 4.16153560e-01 1.44872923e+00 1.89756073e+00 2.48061592e-01
 2.34195974e+00 4.30189205e-01 7.18331491e-01 4.63380607e-01
 2.03054658e+00 7.71101909e-01 6.22492139e-01 1.07920083e-01
 1.49921195e-01 1.77726491e+00 7.41994064e-01 3.60922903e-01
 1.60381478e+00 6.00236850e+00 4.28554457e-01 2.87552747e+00
 4.54428714e+00 9.17385648e-01 1.53611892e+00 2.29385737e+00
 4.55683819e-01 5.51294673e-02 1.10907816e+00 8.94277884e-01
 7.81337435e-01 1.91719998e+00 1.87672344e+00 3.29504727e+00
 5.08684638e-01 8.88628423e-02 1.15620963e+00 1.07553878e-01
 8.13426664e-01 1.35188074e-01 1.03239754e+00 1.10241346e+00
 4.32325941e+00 1.66975580e-01 1.47252762e+00 9.24172868e-01
 2.71762847e-01 2.52146290e+00 4.29324333e+00 1.69736963e+00
 1.05728409e+00 1.08760972e+00 2.26799051e-01 2.77914494e-01
 9.33387765e-01 1.58663196e-01 1.16638535e+00 2.02546900e-01
 2.31519702e+00 6.73336111e-01 3.62140932e-01 1.27531192e+00
 1.39451603e+00 2.15221338e-01 3.76512467e-01 1.21395769e+00
 1.56783964e+00 2.05010688e+00 1.06636188e+00 5.91663253e-01
 3.26284597e+00 1.83008568e-01 1.47428864e+00 6.67481907e-01
 1.50630759e+00 1.31871253e+00 1.12020090e-01 6.57641833e-01
 1.87325622e+00 3.33387033e-01 2.80220656e-01 1.67374160e+00
 4.01570681e-01 3.24294302e+00 7.59539959e-01 1.84260733e+00
 8.15209815e-01 1.67858550e+00 5.03721693e-01 1.78189485e+00
 9.95825723e-01 2.48746849e+00 4.71014107e-01 4.73239542e-01
 1.71732275e+00 3.81419452e-01 7.24569856e-01 6.53788637e-01
 1.60285550e+00 1.15647202e+00 5.92037141e-01 6.03490243e-01
 1.24378825e+00 1.66133193e+00 5.21709183e-01 1.51103360e+00
 6.41001876e-01 1.04456998e+00 2.63004991e-01 2.44918893e-01
 1.15125360e+00 6.80258596e-02 5.26258565e-01 1.95285616e+00
 1.98906582e-01 5.21915167e-02 1.64914839e-01 7.14285209e-02
 1.24379413e-01 4.47175425e-01 7.47743120e-01 6.43935408e-02
 2.10291182e-01 2.70903717e+00 1.28265451e+00 1.45155564e+00
 1.14700622e+00 3.91304582e-01 1.38411426e+00 4.20618103e+00
 1.21733883e+00 1.62079066e+00 5.29301891e-01 9.34047830e-01
 6.58383743e-02 5.99632453e-01 7.81158320e-01 5.48176802e-01
 5.56344171e-01 1.50433766e+00 6.06864795e+00 6.16755988e-01
 2.21461035e-01 3.40865086e+00 3.86087703e+00 1.30316525e+00
 4.68700028e-01 1.87366910e-01 1.10706957e-01 9.49960353e-01
 2.13469984e+00 1.29884122e+00 5.35955862e-01 1.47197394e-01
 1.45239774e+00 1.66069756e+00 4.99212557e-01 3.52599477e-02
 2.63649025e-03 2.67204853e-01 3.22446230e-01 4.94420563e-01
 1.27986031e+00 1.85880070e+00 1.92097268e-01 3.32178824e+00
 1.19828927e+00 9.60904753e-01 4.86741675e+00 1.31353805e-01
 1.50065261e+00 2.63854974e+00 2.34067665e+00 1.21210760e+00
 9.86670085e-03 9.23203712e-01 2.57373076e+00 8.69831942e-02
 2.90614723e+00 1.35181938e+00 9.46722785e-01 2.57489605e+00
 4.51111709e+00 9.22194681e-01 1.19563722e+00 3.25319385e-01
 1.14591796e-01 4.52211053e-02 3.40735281e-01 7.60990136e-01
 3.81056830e-01 1.94810136e+00 3.18879226e+00 8.26930383e-01
 1.29805116e-01 4.77440028e-01 2.87155865e+00 1.16682370e+00
 4.71900455e-01 4.11012529e-01 1.28838778e+00 8.74306403e-01
 2.83614852e-02 4.30967398e+00 1.08422413e+00 3.38497432e-02
 1.22448891e+00 1.23823108e+00 1.06173016e+00 1.87874013e+00
 1.71758796e+00 1.46612781e+00 2.43915513e+00 4.60930668e-01
 7.42417041e-01 7.22102336e-01 1.27600370e+00 7.30603530e-01
 3.51985446e-01 1.22740128e+00 1.48142061e+00 1.39970878e+00
 3.39041646e-01 2.79008155e+00 1.39955013e-01 3.51489601e+00
 2.18055084e+00 2.01348469e+00 6.29046688e-01 1.13031461e+00
 2.26706485e+00 9.42954776e-02 1.95473184e-01 3.31929496e-01
 2.68678609e+00 3.47356692e-01 2.82514414e+00 8.53446030e-01
 7.26158906e-01 6.56128156e-01 4.44896185e-01 4.33781380e-01
 1.65829522e+00 5.47286712e-01 6.86808359e-01 1.19948030e+00
 2.53684662e+00 2.78625587e+00 3.87977004e+00 4.47506037e+00
 6.85677868e-01 6.37693637e-01 9.79739651e-01 1.59755841e+00
 2.02872102e-02 1.47103800e-01 5.95372035e-01 6.81126437e-01
 1.55196210e+00 2.25431910e+00 7.40840198e-02 2.12335383e+00
 1.15083430e+00 1.72530869e+00 4.20945697e-01 2.08778578e-01
 6.23716537e-01 3.88594623e-01 1.25514117e+00 2.70970314e-01
 3.03879470e-02 3.55645800e-01 6.69704729e-02 6.16718365e-01
 1.45455065e+00 6.11473557e+00 2.61956692e-01 7.06417582e-02
 1.70818350e+00 1.38432917e-01 1.28035004e+00 2.04233118e+00
 2.56629097e-01 1.15665083e+00 3.56386614e+00 8.57689166e-02
 3.00127632e+00 1.24843743e+00 8.15234359e-01 1.19257414e-01
 2.75050431e-01 1.97473120e+00 7.76359827e-02 3.14941339e+00
 2.56793361e-01 1.60583084e-01 2.05554030e+00 3.56936161e-02
 1.45762240e-01 8.08385569e-01 2.26850808e-01 1.21879516e+00
 3.65555965e-01 3.21176538e-01 2.74789054e+00 5.95568493e-01
 4.61184487e-01 1.39356865e-01 1.86611148e+00 2.39137179e+00
 2.80578166e+00 5.36446633e-01 2.85739136e-01 7.24776779e-01
 2.87433597e-01 3.61801816e-02 3.43343505e+00 1.32872468e+00
 1.03445748e-02 1.21651065e+00 1.16623788e+00 4.07589695e+00
 1.76040821e-01 1.01091723e+00 3.49361422e+00 9.56310620e-01
 9.88466346e-01 2.04491546e+00 4.15528833e+00 1.28362958e+00
 3.94135848e-01 3.64318582e-01 2.86300446e+00 5.54741128e-02
 5.76414359e-01 4.22264349e-02 2.15932346e+00 4.27551729e+00
 4.51045401e-02 4.99065712e-01 1.87536416e-02 5.30556430e-01
 2.40392555e+00 7.59619917e-02 3.84922660e-01 2.80794032e-01
 6.73860068e-01 2.27024777e-01 5.75050645e+00 1.72543163e-01
 4.44318543e-01 1.29441859e+00 1.80674156e-02 1.00425429e+00
 7.51297189e-01 1.48306924e+00 1.28083165e+00 2.47578273e+00
 1.50583095e+00 2.21317267e-03 1.93697074e-01 1.58083913e+00
 4.63363461e-01 3.85172150e-01 1.37937722e+00 2.09387754e-02
 3.70051907e-01 1.46919970e+00 6.85943386e-01 1.98001498e+00
 1.57259704e+00 1.94345798e+00 4.47861950e-02 2.09017643e+00
 4.51454713e-01 3.25093428e+00 1.16931196e-02 1.72740455e+00
 9.09441428e-01 4.56878620e-01 4.53431369e+00 6.99871655e-02
 2.92595561e+00 1.11657974e-01 6.06152839e-01 2.32278204e+00
 3.85205139e-01 1.22321690e+00 3.81857526e+00 4.16950486e-01
 3.04025889e-01 6.24439832e+00 3.98663330e-01 2.02706296e+00
 7.08349489e-01 1.45641541e+00 4.21788438e-01 1.52304819e+00
 7.49444944e-01 1.34979991e+00 6.49721537e-01 3.50391226e+00
 1.22390419e+00 3.60206168e-01 1.29874384e+00 9.01341032e-01
 3.64411889e-01 3.57275996e-01 5.12888988e-01 4.91436300e+00
 5.65298803e-01 3.58147453e-01 1.05479665e+00 1.91445791e-01
 8.29327089e-01 2.66585631e-02 1.19167533e+00 5.31968123e-01
 3.50703290e+00 3.41981990e-01 9.27118767e-01 3.84055527e-01
 2.72804977e-01 2.28407596e+00 1.39232775e-03 9.92943450e-01
 1.54836881e+00 7.09836743e-01 2.16707965e-01 2.44625542e-01
 6.49768242e-01 4.33051614e+00 3.17385351e-01 4.71092005e+00
 2.51679688e-01 6.96734474e-01 2.19617388e+00 6.00600711e-01
 9.81603108e-01 2.93059354e-01 1.24922690e+00 1.06012303e-01
 6.70089737e-01 2.15585689e+00 6.36831880e-01 5.64158674e-01
 1.22007820e+00 1.93509227e+00 3.36527317e-02 3.12122375e-01
 2.28444073e+00 1.14677957e-01 8.39549024e-01 9.82651781e-01
 3.09240194e-01 5.44377239e-01 4.21322116e-01 5.57963845e-02
 5.08277930e-01 7.42949752e-01 8.88778385e-01 3.84933125e-01
 3.51158224e+00 1.69012009e+00 1.73870904e+00 5.62185472e-01
 3.34453434e+00 6.05829226e-01 7.36055339e-01 1.37905902e-01
 2.23261338e+00 6.88223790e-01 9.23291838e-01 2.01217431e+00
 7.05293171e-01 1.61596327e-01 2.72482002e+00 8.06031950e-01
 1.32889360e-01 2.41478086e-01 6.85928182e-01 6.19641785e-01
 2.20961582e+00 4.03165365e-02 1.36738987e+00 3.54104038e+00
 1.63133045e+00 6.63005589e-01 7.61261437e-01 1.16366729e+00
 1.59154526e+00 2.53047451e+00 6.69165330e-01 1.81576848e+00
 1.68032415e+00 1.05574848e+00 8.91456085e-02 5.24751549e-01
 1.03636694e-01 1.28920250e+00 2.06319326e+00 1.09594900e-01
 2.92462964e+00 6.69989994e-01 2.14431765e-01 1.69782682e+00
 2.35874647e-01 1.12950970e+00 2.12440888e+00 2.83739117e-01
 5.28835445e-03 2.22389413e+00 8.63967108e-02 1.84141494e+00
 1.58441308e+00 2.35802827e-01 1.31969109e+00 2.42005897e-01
 5.47731349e-01 1.17772376e+00 1.02823885e+00 3.75110895e-01
 4.74959370e-01 4.91868726e-01 2.37376707e+00 7.80330472e-01
 1.16519663e+00 4.55642396e-01 9.27700135e-01 7.81003640e-01
 2.56771087e-01 4.37064366e+00 2.06089602e-01 4.64073398e-01
 7.19679729e-01 9.54766010e-02 2.70851260e+00 6.64053722e-02
 2.19592521e+00 1.29772480e+00 9.89223175e-01 3.65740808e+00
 5.98812853e-01 2.17554182e-01 4.76829775e-01 2.96835569e-01
 7.27729483e-01 4.48262809e-01 2.00142741e-01 3.82406959e-02
 6.58009882e-01 2.19271673e+00 4.49810605e-01 6.73989304e-02
 1.77593476e+00 1.98198193e+00 2.92239326e-01 1.18148135e+00
 2.19746060e-01 1.38418450e-01 7.17121353e-01 3.67269659e-01
 5.29752870e-01 3.81699705e+00 3.55051221e-01 1.13489444e+00
 1.24801360e+00 1.51574183e+00 1.47787035e+00 1.35800471e+00
 1.22360845e-01 1.11622922e+00 5.60253521e-01 2.09166094e-01
 1.14137582e+00 5.35372513e-01 5.13088388e-01 1.86833794e+00
 2.92932670e-01 3.20608145e-01 6.75344856e-01 2.13262645e+00
 1.48650232e+00 2.18592662e+00 3.19732481e-01 2.71391930e-01
 1.67140006e+00 9.53256631e-02 8.98951951e-01 5.86352575e-01
 8.70390459e-01 1.22861683e+00 1.32968891e+00 9.36086834e-01
 1.31240595e+00 1.46833690e+00 2.84474737e-01 9.76179867e-02
 4.42907711e-01 5.81324915e-01 2.93484525e+00 1.48184761e-01
 1.33376136e+00 3.71906223e+00 1.18031227e+00 2.79996556e+00
 1.91971257e+00 3.79740022e+00 2.22164311e+00 2.77148986e-02
 1.23667189e+00 3.97389843e+00 1.44504434e+00 5.18438788e-01
 1.57939001e+00 1.14857185e-01 5.81375818e-01 6.05498104e-01
 4.63089225e+00 3.72336272e-01 7.27287075e-01 2.41333667e-01
 1.21145016e+00 7.89382722e-01 1.30503147e-01 2.39203040e-01
 2.44796790e+00 1.94759610e-01 1.75658443e+00 1.25315614e+00
 1.79857517e-02 1.94440394e+00 7.77494564e-01 5.84343470e-01
 7.87214133e-01 4.15628900e-01 7.57963029e-02 2.41226625e-01
 9.71731317e-01 1.22889461e+00 2.82526844e-01 1.95156805e+00
 5.85169737e-01 5.44891104e-02 1.80789475e+00 7.00879077e-01
 2.03953403e-01 5.57287139e-01 2.65837340e+00 1.67318090e-01
 5.52673346e+00 5.93712479e-01 3.69917244e-01 2.00370197e+00
 2.28100601e+00 1.71774211e-02 1.56696736e-01 1.84234870e-01
 4.19999704e-01 2.83870214e-01 1.09059701e+00 1.98157668e-02
 1.98360586e+00 9.38916989e-01 5.83180766e-01 3.34795007e+00
 1.90359255e+00 7.19142847e-01 2.73437695e+00 1.40544024e+00
 9.67924705e-01 1.06813597e-01 1.21453434e+00 1.19008377e+00
 2.14415512e+00 1.78414139e+00 2.51902022e-01 2.77679057e-01
 4.84056366e-01 9.08505212e-01 1.54446382e+00 2.32663944e+00
 7.83443780e-01 9.55922204e-01 5.56526254e-01 2.61104536e-01
 8.18827407e-01 2.47183813e-02 6.06976929e-01 2.71454186e-01
 1.24116618e+00 9.44896869e-01 1.16053446e+00 2.43755415e-01
 5.02727854e-01 2.95972776e-01 4.81150719e-02 1.69729920e+00
 4.69267271e-01 1.34275969e+00 2.37162914e-02 1.06732878e+00
 4.39859243e-03 5.36725733e+00 1.23048160e+00 2.23841143e+00
 7.49468383e-01 2.16002806e+00 1.46914158e+00 1.87845996e+00
 5.35853535e+00 6.55561181e-02 8.38312897e-01 6.53776839e-02
 2.54306472e-02 2.55777380e+00 1.37597973e+00 1.32578050e+00
 2.57055225e+00 1.89633130e+00 1.75640387e+00 3.38010305e-01
 1.84147377e-01 2.87439159e-01 1.33555629e+00 9.24155034e-01
 2.50022881e-01 1.07017085e+00 1.00957160e+00 1.57067520e+00
 4.18108397e-01 2.09142620e+00 3.13906949e-01 1.26148610e+00
 3.47578479e+00 6.69060652e-01 1.85527826e+00 4.60569746e-01
 3.91614376e+00 3.15830384e+00 4.75735407e-01 1.32099372e+00
 1.60927999e-01 3.59234327e-01 2.61715200e+00 1.04683603e+00
 9.03759422e-01 2.70935467e+00 1.57108340e+00 6.39473503e-01
 2.11278291e+00 6.74193929e-01 5.67305444e-01 1.30270317e+00
 2.71419632e+00 1.79977303e-02 3.28292022e-01 2.84433167e-01
 1.78036536e+00 2.72839602e+00 5.59043193e-01 1.03775868e+00
 2.20904482e+00 2.14618298e-02 2.58984504e-01 1.56310633e-01
 1.03306516e-02 2.72665062e+00 7.79143843e-01 3.73598223e-01
 1.52894708e+00 1.99395497e-01 1.96836235e+00 6.44425429e-01
 1.72780026e-01 7.67614908e-01 1.16425674e-01 3.66475466e-01
 1.34120250e+00 1.39296700e+00 1.44008768e+00 1.85546336e+00
 1.22884655e-01 1.66542621e+00 2.03750428e+00 9.87868068e-01
 4.63026546e-01 2.69993303e-02 1.06223757e-01 1.94860295e+00
 1.87931411e+00 1.20294110e+00 5.46695664e-02 2.55295806e-03
 2.21611614e+00 1.98674619e+00 1.56420363e+00 8.72057744e-01
 8.60186929e-01 2.15264864e-01 1.38596878e-01 1.26385106e+00
 1.86609132e+00 5.96332883e-01 1.02867889e-01 8.98677562e-01
 7.36253340e-02 1.41321171e-01 2.39319993e+00 1.59999190e-01
 7.32754214e-02 6.98450992e-01 7.63043663e-01 2.38156230e-01
 8.61677534e-01 3.02410288e-01 3.05148344e-01 6.06672987e+00
 6.02139016e-01 7.25385750e-01 1.05261137e+00 1.70769423e+00
 7.78883299e-01 1.95743705e+00 2.65470635e+00 3.65675205e-02
 2.28856244e+00 1.17146956e+00 9.25870193e-02 3.72156932e-01
 5.79560063e-01 2.39000555e+00 1.11785438e-01 3.15611999e+00
 8.96834882e-01 1.99194332e+00 1.59578349e+00 4.95310124e-02
 3.84548027e-01 1.75736818e-01 2.27643442e+00 1.13698721e+00
 3.71513234e+00 5.08541279e-01 1.33738287e-01 2.87291243e+00
 6.46857703e-01 3.63596536e+00 3.58647025e-01 1.74489169e+00]