[3.09620134e-01 1.36277830e+00 1.13519883e+00 8.39489399e-02
 8.49845440e-01 1.09576740e+00 4.97943627e-01 1.38429719e-01
 1.77758966e+00 1.81672687e-01 4.69035842e-01 2.20655481e-01
 3.48897763e-01 9.09318582e-01 1.60481696e+00 1.54912499e-01
 1.08380726e+00 4.12163345e-01 6.90999688e-01 4.39833000e-01
 4.93740587e-02 1.02178442e+00 1.63885953e-01 5.91138413e-01
 3.57248482e-01 2.79727539e-01 4.42986723e-01 5.59354457e-01
 7.93715828e-02 1.39344560e+00 1.29180957e+00 1.75915608e+00
 1.03289808e+00 1.70590779e-01 2.58546310e+00 1.05753583e-01
 4.55977569e-01 6.15524792e-01 4.26405278e-01 9.70927464e-02
 1.33504438e-01 5.68279162e-01 7.72764240e-02 2.45594346e-01
 4.16403514e-01 6.12171027e-02 2.16760104e+00 4.58207180e-01
 1.60235477e-01 2.84354037e-01 1.17187613e+00 1.22796718e-01
 1.29975499e-01 1.80402361e-01 1.43885400e-01 9.90892818e-01
 3.02542594e-03 3.78385587e+00 6.24002675e-01 5.01393788e-01
 2.28585277e-01 1.29806385e+00 1.07130572e+00 5.70004390e-02
 4.16106568e-01 3.30862245e-01 2.65076360e+00 5.09935394e-01
 2.76945641e+00 1.01895904e-01 1.40476448e+00 9.61510800e-01
 7.51290346e-01 1.39837147e+00 1.17443180e+00 1.22265600e-01
 5.46727526e-01 7.13946314e-01 6.09554194e-01 2.96003473e-01
 1.41501786e-01 4.03220461e-01 4.42405993e-02 2.57077860e+00
 1.18545471e+00 3.44736718e-01 2.03723367e-03 1.79057605e+00
 9.65015854e-05 1.41522346e+00 1.45427033e+00 2.17368580e-02
 6.96284098e-01 1.16540632e-01 5.31153386e-01 7.99108615e-01
 6.91118433e-01 1.15762027e-01 6.50790898e-01 5.42169739e-02
 5.47478187e-01 1.80392794e-01 5.40530624e-01 6.46581349e-01
 3.03208391e-02 8.56235966e-01 5.23982494e-01 3.99845183e-01
 2.34258493e-01 6.57296738e-01 2.08417233e+00 8.83515423e-01
 2.01973451e-01 1.04489034e+00 6.37684053e-02 4.66435987e-02
 2.32165332e+00 1.29403997e+00 1.30875659e-01 3.40228525e-01
 1.91051183e+00 1.17285795e+00 1.68341529e-01 3.31969115e-01
 1.99404302e-01 8.83710966e-01 7.75159561e-01 3.22492524e-01
 2.98826673e-01 1.63961427e-01 5.59564129e-01 2.42353557e-01
 4.87805543e-01 8.59351862e-01 1.14296185e-01 6.10357120e-01
 2.36827909e+00 3.30666044e-01 7.31101933e-01 1.99321564e-02
 4.39083968e-01 3.06423821e-01 9.89621113e-02 4.50831920e-02
 6.91596678e-01 6.47756853e-01 8.02674249e-01 8.02508388e-01
 3.46591173e-01 6.25621400e-01 3.85191059e-01 1.00679651e+00
 8.31131324e-01 7.50198211e-02 5.17902023e-03 2.68173472e-01
 9.65986026e-01 5.02182279e-01 1.32683719e-01 2.40710692e+00
 2.74428952e-01 7.75034216e-01 8.80083525e-02 2.58678802e-02
 3.65496242e-01 7.90276856e-03 2.03371282e-02 5.27325687e-01
 4.29175175e-01 2.79052012e-01 2.76455848e-01 4.11012721e-01
 1.05991137e-01 1.34639117e-01 7.97841175e-03 4.57478276e-03
 3.42460168e-02 2.31484092e-02 1.88983224e-01 1.76323270e-01
 6.90877965e-01 1.19467354e+00 1.32027100e+00 1.73901466e+00
 9.19135376e-02 2.54597381e+00 1.90942198e+00 3.27938004e-01
 9.83885916e-01 2.70448327e-01 1.43425246e+00 6.45016383e-01
 4.00558010e-01 4.12003642e-01 1.41122830e-01 5.75828004e-01
 8.75944640e-01 5.04755538e-01 5.58919860e-01 3.50611618e-02
 2.78900568e-01 7.27964465e-01 2.11628592e-01 6.82957106e-01
 1.28373184e+00 5.39087056e-01 1.17108940e-01 2.18366481e-01
 5.84967791e-03 3.65449173e-01 5.96388446e-01 4.25815207e-01
 5.43603348e-01 1.26151026e+00 4.06090859e-01 2.26781399e-01
 1.90557352e-01 9.18855753e-01 5.27950654e-01 5.04734113e-01
 2.22036368e+00 2.48015390e+00 3.46289432e-01 1.24364086e+00
 2.76591821e-02 2.03218866e-01 1.85487919e+00 3.31123767e-02
 4.59268633e-01 1.29430291e+00 2.75317111e-01 1.20561473e+00
 8.71315361e-01 2.39251512e-01 4.75481762e-02 1.82058053e+00
 7.98442855e-02 1.29234818e+00 2.35662865e-01 3.05441525e-01
 5.21087629e-01 4.41300977e-02 6.68134178e-01 2.70136977e-01
 1.05238139e-02 4.99976239e-01 4.03025961e-01 5.68091378e-01
 1.07389710e-01 3.81645568e-01 1.16096820e+00 1.63714106e+00
 3.59363985e-01 3.78465526e-01 5.28584889e-01 1.35752046e+00
 2.76655497e-01 5.02242414e-01 8.01882916e-01 2.82222713e-01
 6.51330312e-01 2.19048177e-01 3.74149772e-01 3.51442251e-01
 1.87501770e+00 1.05405638e+00 9.97782272e-02 2.11433458e-01
 8.78316784e-01 1.15246502e-01 1.77365587e-01 2.61458258e-01
 5.18481876e-01 1.82899826e-01 2.80535717e-01 1.62758326e+00
 1.48283336e-01 1.33246671e+00 1.72416824e+00 3.17242802e-01
 3.21632617e-01 1.31239285e-01 1.94563460e+00 2.88288273e-02
 1.24571663e+00 1.20633436e-01 7.16912500e-01 4.46036256e-01
 7.70968223e-01 3.36362101e-01 1.50681439e+00 4.52462095e-01
 2.30979414e-01 6.36741200e-01 8.56708160e-02 4.22153009e-01
 6.89871424e-02 1.53762907e+00 1.56417088e-01 8.07202616e-01
 2.22482424e-01 9.24020561e-01 2.97451544e-01 1.79993822e-01
 7.17949838e-01 3.77835201e-01 6.30598800e-01 1.57247702e-01
 2.01153608e-01 2.19879502e-01 1.64098451e-01 3.26639414e-01
 1.48520937e+00 5.05483508e-01 1.52251741e+00 1.03696856e+00
 1.49565600e-01 4.12520202e-01 2.01159006e-02 4.57668157e-02
 3.56995318e-01 1.59534434e+00 2.19951057e-01 8.74506674e-01
 7.86603647e-01 4.61115173e-01 6.21504227e-02 1.10898321e+00
 4.49575503e-01 4.99335777e-01 4.12754014e-01 1.62424721e-02
 6.54552376e-02 2.83533568e-01 4.69018782e-01 6.19419606e-01
 1.28339305e+00 1.40504282e+00 1.11030052e+00 6.04812701e-01
 1.99360418e-01 1.52533338e+00 1.76677011e+00 6.45980450e-02
 7.40670084e-02 2.29688013e-01 1.51042914e+00 1.01296950e-01
 8.69186720e-02 2.41836885e-01 7.54873321e-02 1.81498717e-01
 3.83277925e-01 1.88528314e+00 9.45360988e-02 1.09077856e+00
 2.55848627e-02 1.15787068e-01 2.97147498e-01 2.72179252e-01
 3.42590669e+00 1.31193080e+00 8.45924675e-01 1.16355765e+00
 4.02746899e-02 8.53602313e-02 2.01910543e+00 6.20319990e-01
 9.11043989e-02 6.29997470e-02 8.52339749e-01 1.97776701e-01
 1.13433668e-01 8.29789791e-01 6.05840748e-01 1.81999656e-02
 8.29942301e-01 1.60778547e-01 3.03164335e-01 1.62248105e-01
 3.62557929e-01 1.51584540e-01 2.70689887e+00 6.52059862e-02
 2.29244237e-02 6.58887558e-01 2.40553177e+00 2.08542754e-01
 1.33545541e+00 8.23655086e-01 2.25803813e-01 2.51369902e+00
 2.97247775e-02 1.03690950e-01 1.38501775e-01 1.04992695e+00
 1.03794297e+00 4.36020993e-01 4.24427496e-01 8.10328492e-01
 1.57635867e+00 3.19355121e-01 1.30436202e-01 7.57351678e-01
 6.76601569e-01 3.17575141e-02 1.16329043e-01 2.14446774e+00
 2.31173251e-01 1.23163216e+00 9.34419544e-03 8.97805872e-01
 7.99608415e-01 6.61534492e-01 2.84036289e-01 1.54690260e-01
 1.03358011e+00 4.02262859e-01 6.60821580e-01 1.73262546e-01
 1.14646333e+00 5.43052090e-01 6.57520762e-02 1.78714062e+00
 2.10877566e-01 7.95606501e-01 1.36969713e+00 1.15517822e-01
 1.99941379e-01 1.20190957e+00 1.05874380e+00 9.43606973e-01
 5.96471721e-01 2.59195455e+00 5.79992002e-01 3.79896508e-01
 3.73818103e-01 1.53167526e+00 1.01467114e+00 6.15275472e-01
 1.70811025e-01 9.65937813e-01 9.42517588e-01 1.45239142e-01
 1.37032075e+00 1.02621094e+00 5.94687577e-01 1.73615367e+00
 1.67996540e+00 5.71957556e-01 1.84742247e+00 9.60883437e-01
 8.52680135e-01 8.17642742e-01 2.06721913e-01 1.01199039e+00
 3.92796809e-01 3.94021262e-01 8.90268747e-01 4.50709334e-01
 3.08894535e-02 1.47520887e+00 1.42536655e-01 5.86505791e-01
 1.31218582e+00 3.67523097e-01 1.40819614e+00 1.22726650e+00
 5.79948909e-01 7.88686695e-01 3.87642495e-01 2.14659340e+00
 2.65698328e-01 1.65283825e-01 4.28711700e-02 1.46344907e-01
 3.70368193e-01 8.57104175e-01 6.65927877e-01 6.49116136e-01
 1.33952928e-01 2.80192536e-01 2.32049933e-01 1.03140650e+00
 1.51584356e+00 1.00085201e-01 5.04532155e-01 4.40172661e-01
 1.15353056e+00 2.39097441e-01 1.41625764e+00 6.64560691e-01
 2.88928330e-01 2.39334057e-01 1.59624321e-01 5.01008571e-01
 1.99651844e+00 3.37447664e+00 7.60534297e-01 2.82228185e+00
 4.04685326e-01 5.47250091e+00 2.38726011e+00 8.63022856e-02
 1.05260669e-01 3.23634112e+00 1.22712321e+00 6.34927093e-01
 6.56313327e-01 4.32547317e-01 6.57441800e-01 1.19784926e-01
 7.78049158e-02 5.32141698e-01 7.20772901e-01 8.93472145e-01
 6.38524308e-01 9.67866542e-01 3.21410199e-01 8.93254476e-02
 7.51314720e-01 4.03821859e-01 6.44443365e-01 7.48270847e-02
 5.37867224e-02 6.86922621e-01 5.62161644e-01 7.96595264e-01
 1.20575908e+00 7.01618606e-01 9.21413328e-01 7.16512719e-01
 5.15767247e-01 6.39934583e-01 6.64178709e-01 1.28190924e-01
 1.86906294e+00 2.63534362e-01 5.83486087e-01 1.78905140e+00
 4.29225190e-01 4.81049879e-01 2.00830270e+00 1.35551652e+00
 3.96943490e-01 4.41856181e-02 5.29405074e-01 4.68841393e-01
 8.22836575e-01 2.00853646e-01 7.53179516e-01 1.69390755e-01
 9.93777498e-01 3.60059080e-01 1.08005614e-01 6.47849722e-01
 2.81603174e+00 7.72803468e-01 2.88152032e-01 1.15714416e+00
 1.16077983e+00 1.37411639e-01 3.38932696e-01 1.54301999e-01
 3.31228978e-01 7.08400160e-01 1.08366228e+00 1.19313024e+00
 1.06301284e+00 7.88889892e-01 3.05908195e-01 5.37974241e-01
 2.85246682e-01 6.71275799e-01 2.32842961e-01 9.83889328e-01
 1.89202705e-02 2.27043316e+00 1.68624514e-02 5.80628251e-02
 4.34095374e-01 2.10548884e+00 8.59268420e-01 1.50610282e+00
 2.57251002e-01 3.46508408e-01 2.49062274e+00 4.09890065e-02
 1.96228473e-01 8.50477763e-01 2.41908389e-01 1.35220088e+00
 2.35958896e-01 3.68614040e-01 1.37919432e+00 1.85784876e+00
 6.28840449e-01 5.86204594e-01 8.31196881e-01 9.31244273e-01
 1.30308423e-01 1.20457786e+00 1.96454690e+00 6.76268957e-02
 5.41888679e-02 7.22628710e-02 1.20839372e-01 1.73872157e+00
 3.41720059e-02 2.55173259e-01 1.47286113e+00 4.86900515e-01
 6.47264165e-01 2.40002303e-01 7.49065541e-01 1.29058083e+00
 1.00275388e+00 2.38562717e-01 3.15142967e-01 5.64963462e-01
 1.66997568e+00 1.36758151e+00 1.40723056e-01 5.16024102e-01
 8.73562749e-01 8.14491449e-01 3.00627101e-01 9.33855271e-01
 6.69736482e-01 6.82692824e-03 4.57954538e-01 6.57431463e-02
 4.59139581e-01 4.35887301e-01 5.74626691e-01 2.03211901e-01
 1.84759767e-01 1.56371080e+00 2.19901597e-01 3.52537757e-01
 3.66401529e-01 1.00888655e-01 9.20402104e-02 5.62088981e-01
 3.40558048e-01 5.28251329e-01 1.75892970e+00 2.59155539e-02
 2.34239152e+00 1.11497975e+00 1.22046600e-01 7.72137771e-01
 7.37150677e-02 8.00107814e-01 6.65509308e-01 3.79969116e-01
 2.27308061e-01 8.99265723e-02 1.05306333e+00 4.95525266e-01
 1.40495630e+00 5.20302017e-01 1.64911321e+00 2.25175141e-01
 4.34067476e-01 1.62493932e-01 9.79492386e-01 2.61297448e-01
 1.40964295e-01 8.38420543e-03 7.84544760e-01 8.21425862e-01
 3.82340496e-01 1.12690124e+00 3.22066451e-01 1.69034568e-01
 3.82819291e-01 8.19232920e-01 8.69322392e-01 6.29989280e-01
 1.25877121e-01 1.31958047e+00 7.29641458e-01 2.14055495e-01
 5.04344770e-02 4.24623681e-02 1.08005283e+00 1.33471163e+00
 2.30250381e+00 7.34995303e-01 5.52794583e-01 8.30287956e-01
 1.19899821e+00 1.09267297e+00 2.53979620e-01 4.28945384e-01
 1.18751415e-01 4.30304640e-01 3.06755271e-01 1.12853369e-01
 2.32589849e+00 1.50416467e+00 5.66003743e-01 9.13869646e-01
 1.48021964e+00 4.49483327e-01 1.57463039e-02 3.04501579e+00
 1.09406965e-01 6.55257334e-01 6.62871346e-01 7.70446630e-01
 6.97461743e-01 1.79544286e-02 5.79086603e-01 1.22987188e+00
 1.63737576e+00 5.61925672e-01 7.63074895e-01 6.63264665e-01
 9.75943971e-01 4.21186495e-01 5.21148702e-02 2.02579139e+00
 3.95322451e-01 1.14654534e+00 4.25102937e-01 5.82391367e-02
 4.00692048e-01 1.04111151e+00 5.61208829e-01 3.41058284e-01
 2.09752478e-01 4.29848303e-01 4.53634468e+00 3.37754610e-02
 2.83542373e-01 1.02963144e+00 1.71167965e+00 6.87045779e-02
 2.19481268e+00 2.88152211e-01 5.54240964e-01 2.60780453e-01
 4.22923360e-01 1.89143164e+00 6.83263288e-02 6.45908655e-01
 4.38543028e-01 2.87673491e-01 2.77520707e-01 1.35794897e+00
 1.05261301e-01 5.25355888e-02 1.51661825e+00 2.93160609e-02
 1.29681753e+00 1.50253109e+00 3.75159119e-01 2.08214666e+00
 1.31402100e+00 1.07951010e-02 1.46437256e-02 1.25777450e+00
 3.03406083e-01 9.21666379e-01 8.05515414e-01 2.97773885e+00
 7.70231720e-01 7.54032194e-01 3.87846773e-01 2.15107560e+00
 1.25533834e-01 1.00249711e-01 1.15125728e+00 8.32432205e-01
 8.28676284e-02 1.56419675e-01 5.15621458e-02 1.74092813e-01
 1.43199958e+00 1.15127288e+00 1.94003098e-01 1.03165518e+00
 5.78428127e-01 8.50383667e-01 4.83577606e-01 4.65832404e-01
 5.89629148e-01 1.53882258e-01 3.01528972e-01 9.38176896e-02
 5.92603579e-01 2.40215698e+00 5.82196333e-01 6.36646318e-01
 5.09763717e-01 2.35100704e+00 2.49502665e-01 2.82582675e-01
 1.61740557e-01 4.01340283e-02 5.29076153e-01 4.30137351e-01
 5.03448847e-02 2.42701060e-01 2.17641256e+00 5.51774464e-01
 5.90023590e-01 3.06269705e-01 4.02330064e-02 7.78537897e-01
 2.05329209e-01 3.10574481e-01 7.11279519e-01 8.63559933e-01
 2.87900416e-01 2.35732818e-01 2.42875430e-01 9.63354883e-02
 5.27228442e-01 2.78862640e-01 1.27595893e+00 2.81264377e-01
 3.63412919e-01 3.13159752e-01 8.32049284e-03 9.69117473e-03
 5.62732566e-01 6.59736656e-04 2.06393169e+00 4.43694322e-01
 3.33261302e-01 2.60202280e-01 6.00716862e-02 5.23315126e-01
 8.60944186e-01 1.99354971e-02 1.89124409e-01 1.24004330e+00
 7.41488935e-02 1.84973743e-01 4.80694226e-01 5.35837288e-01
 1.20449352e-01 1.42280314e-01 5.64845899e-01 8.64448897e-01
 1.40132659e-01 1.38691976e-01 2.66362844e-01 4.75116552e-01
 5.32927898e-02 1.30462914e-01 3.95455970e-01 1.75719803e-01
 6.12415939e-02 4.27881601e-02 1.58133698e-01 1.85679731e-01
 4.71814857e-02 1.14449156e+00 1.39424228e-01 1.31980272e+00
 2.34013109e-02 1.87621551e-01 9.75669027e-02 7.73753925e-01
 1.87823327e+00 3.47747917e+00 1.29457059e-01 1.02801345e+00
 2.32802971e-03 1.08048315e-01 6.96853160e-01 6.20646572e-03
 6.61347057e-02 3.76876876e-01 6.32374681e-01 1.47098867e-01
 7.52531039e-02 7.10633624e-01 6.62234757e-01 1.77752334e-01
 7.29891003e-01 7.04637357e-01 5.07735096e-01 4.29837350e-01
 4.51519617e-01 1.36247853e+00 8.49033358e-01 1.94946256e+00
 8.14778676e-02 1.27224004e+00 1.07045634e+00 2.81652574e-02
 1.14902383e+00 1.00357276e-01 9.16221557e-01 7.87860711e-01
 7.55951141e-02 1.10012720e+00 2.08109652e+00 1.14602803e+00
 7.88278893e-01 8.27700054e-02 9.67097831e-01 1.58434053e-02
 3.47469837e-01 3.57065261e-01 9.49531591e-01 9.80956343e-01
 1.31736863e+00 2.43464348e-01 1.39868652e+00 6.66041183e-02
 1.62540351e-01 2.17908906e-01 4.76038251e-01 4.79968729e-01
 4.74719786e-01 2.92370647e+00 9.38909460e-01 6.80409275e-01
 1.51822006e+00 1.22740158e+00 5.43420681e-01 4.64381819e-01
 9.66535152e-01 3.81164553e-01 7.68789419e-01 4.11371947e-02
 9.36196170e-01 4.52973805e-01 2.72983268e-01 5.42284915e-01
 1.49318440e+00 3.66323331e-01 1.20907740e-01 1.24927527e+00
 3.62285085e-01 1.02142740e+00 4.54106753e-01 5.91381250e-01
 4.54347826e-01 4.88631931e-01 9.56885064e-02 1.87997011e-01
 6.70348029e-01 2.85250745e+00 2.89985044e+00 1.06218111e+00
 1.60293988e-01 9.05359653e-01 1.28464425e+00 4.02497881e-01
 1.00133015e+00 7.08213730e-01 3.87794138e-01 1.18743065e+00
 1.41317866e-01 1.26525002e-01 1.11944704e+00 7.51712513e-01
 1.36019415e-01 4.47648302e-02 4.63548712e-01 2.43309131e-01
 5.07052233e-01 6.71765016e-01 7.88546326e-03 4.13572849e-01
 1.32322574e+00 1.50094980e-01 4.28840129e-02 3.66099904e-01
 9.75716610e-01 3.23165201e-01 1.41152079e-01 3.69762892e-01
 1.60657384e-01 2.58267147e-01 1.15396321e-01 2.53742298e-01
 7.74337568e-01 6.58703713e-02 4.43743987e-01 5.84523045e-02
 7.21260520e-01 1.36603880e-01 1.57928377e+00 5.92606909e-01
 7.72064652e-01 8.14557712e-02 1.12684797e-01 2.10516916e+00
 1.06357152e+00 2.91935938e+00 3.42332330e-01 4.19839664e+00]