[7.27286269e-01 1.29619503e-01 1.99769017e-01 3.97195719e-01
 4.48729373e-01 2.39207092e+00 9.30375596e-01 8.51263162e-01
 1.11386182e+00 2.38176957e-01 2.86314881e+00 1.84135888e-01
 1.69300024e+00 2.07955345e+00 2.12785975e+00 3.83443900e-01
 2.76654144e+00 8.63588363e-01 2.48372878e+00 4.00754414e+00
 3.49635933e+00 1.59477239e+00 8.04064973e-01 1.07771184e+00
 1.05075212e-01 6.26881964e+00 2.15826905e+00 1.02586237e+00
 4.05041925e-01 1.30419469e+00 1.52210112e+00 3.91520664e+00
 6.37110316e-02 6.42514768e-01 6.75293594e-01 8.94542384e-01
 1.60059820e+00 3.17944905e-01 9.75035353e-02 1.76773613e+00
 3.12362802e+00 7.43608884e-02 7.44918406e-01 1.73165654e-01
 4.06802249e-01 7.36311994e+00 3.46165149e-01 1.38773750e+00
 7.06734685e-01 6.99298197e-01 2.52521707e+00 1.87081412e-01
 1.93170555e+00 2.04576739e+00 5.61590814e+00 2.57394058e-01
 1.34192659e+00 6.54779343e-01 2.40825500e+00 6.26148638e-01
 1.97583103e-01 2.94974158e+00 1.91748708e+00 7.96733957e-01
 2.44639053e+00 1.24484665e+00 1.50616845e-01 4.62453859e-01
 3.13881145e+00 9.13572152e-01 1.10314692e-01 7.00688940e-01
 2.32930044e+00 2.72257616e+00 9.19752616e-03 2.52078935e+00
 1.43357221e+00 1.39573060e+00 3.85129491e+00 9.57620821e-01
 1.20560375e+00 2.08603803e+00 4.19893831e-01 4.67662310e-01
 2.66368577e-01 3.92995257e-01 4.05926360e-01 8.44868905e-01
 2.90521650e+00 4.63169692e-01 8.97250216e-01 2.05987774e+00
 7.74316251e-01 1.52785163e+00 1.97245881e+00 2.27589305e-01
 7.89336701e-01 3.27136096e+00 9.77995039e-03 6.61992177e-01
 1.11315288e-01 5.55595837e-02 1.07356429e-01 2.73615672e-01
 1.86297282e-01 5.47729188e-01 8.30396296e-01 2.16055680e+00
 1.67153894e+00 2.05574166e-01 3.10424923e-01 1.02840895e+00
 9.72500556e-01 3.01173834e+00 3.15371347e-01 2.18592195e+00
 7.41142930e-01 2.15256398e+00 3.77435271e+00 3.30093960e-01
 6.64221280e-01 5.42545351e-01 2.64255335e+00 2.54585954e-01
 7.85379009e-01 5.25802567e-02 2.71540146e+00 2.93284134e-01
 2.94390605e-01 6.33025885e-01 7.71232134e-01 9.33817300e-01
 6.23070211e-01 1.41189897e+00 7.02222306e-01 2.77491243e-01
 2.03190862e+00 1.21987360e-01 1.34646659e+00 9.42301147e-01
 1.09068889e+00 2.11244035e-01 3.28609247e+00 6.13217461e-01
 3.91571942e-01 3.93613844e-01 1.29543751e-01 3.99632976e-01
 8.60983916e-03 1.34152459e+00 5.24587784e-04 4.17848683e-02
 5.04084988e+00 3.89441242e+00 6.42073639e-01 1.31974373e-01
 1.86193112e+00 5.30199059e-01 4.48566833e-01 7.13312773e-01
 5.51051684e-01 6.72659216e-02 3.90612057e+00 5.96668035e-01
 4.18099938e+00 6.19496886e+00 3.55825384e-02 2.91360167e+00
 8.25272726e-01 9.68773307e-02 6.03319860e-01 4.43512707e-01
 4.01990575e-02 1.21916189e-02 8.35449076e-01 3.17296837e-01
 3.45233311e-01 1.14271079e+00 1.63386785e+00 3.01699876e+00
 1.56454052e+00 4.99894437e-01 1.06008292e-01 3.03352924e+00
 8.07137051e-01 2.62475354e-01 3.43397631e+00 9.89788703e-01
 1.64477413e+00 2.23412063e-01 1.70648657e+00 7.73956594e-01
 1.92637942e+00 1.81649339e+00 4.82048110e-01 4.83439189e-01
 7.39619441e-01 2.74762828e+00 5.09422750e-01 1.84103515e-01
 3.84502222e-01 2.66972465e+00 2.97135556e+00 1.39920919e+00
 1.12036245e+00 8.34578148e-01 2.08701635e+00 1.36934733e+00
 1.86660312e+00 1.55791904e+00 2.19545821e+00 2.59200636e+00
 1.60350866e-02 2.29067948e-01 1.88071038e-01 7.81993047e-02
 3.36420652e+00 7.33232355e-01 5.16596024e-01 2.94975214e+00
 6.46573384e+00 7.35795500e-01 2.44032165e+00 1.74547180e+00
 5.32906997e-01 3.11633158e+00 2.91087640e-01 1.06145362e+00
 2.29543056e-01 2.06121162e+00 3.14404348e-01 2.69860872e+00
 3.44138930e+00 2.02585955e+00 9.89121070e-01 1.94801932e+00
 2.54070944e-01 9.35325787e-02 4.98251251e-01 8.57820572e-01
 7.87103951e-01 9.37979969e-02 8.37600854e-01 1.01481226e-01
 1.52954392e+00 2.50484780e-01 3.80037172e+00 1.45903161e+00
 1.35543944e+00 1.82234429e+00 3.57764573e+00 3.79020071e-01
 1.09363890e+00 1.92596618e+00 5.31067657e-01 3.49478374e-01
 3.27623731e+00 1.83065208e+00 9.95171895e-02 2.32724820e+00
 8.32881598e-01 1.25955051e+00 4.92493254e-02 9.88493213e-01
 3.28896393e-01 3.11944814e+00 5.94355523e-01 3.23493957e-01
 1.39029734e+00 2.68313822e-01 3.11920723e-01 1.21503945e+00
 1.31897728e+00 2.82377918e+00 9.44491825e-01 1.66419885e+00
 1.56901446e+00 9.16858349e-02 1.65159328e+00 7.20930819e-01
 4.20630960e+00 3.13330372e+00 3.58235223e-01 6.88032271e-01
 2.06777895e-02 7.97994303e-01 4.29715245e-01 1.81470330e+00
 2.07189919e-01 1.03291642e+00 2.47831421e+00 5.20952860e+00
 2.59687688e-01 4.18023529e-01 4.17542337e-01 1.58930792e+00
 2.96707526e-02 1.67427917e-01 5.76798750e-01 1.87300977e+00
 2.69218641e+00 2.14220223e+00 1.12708065e+00 4.18656153e-01
 1.04402227e-03 1.25099196e-01 6.10594823e-01 1.11543437e+00
 2.89723474e+00 3.01342826e+00 7.14855924e-02 2.18588858e-01
 1.60865917e+00 2.77794168e+00 8.95418942e-01 1.20687976e-01
 1.48603208e-01 2.46130971e+00 3.00349652e+00 1.35700618e+00
 6.96159644e-02 6.30748588e-01 1.01425478e-01 1.49293962e+00
 2.51459908e-01 4.83893866e-01 3.26237507e-02 5.66950759e-02
 1.22029576e+00 2.13914683e+00 2.46085736e+00 2.43833806e+00
 3.88547421e-01 1.82710354e-02 3.00054907e-02 8.08581712e-01
 5.09259041e-01 1.29190845e-01 1.08985389e-01 6.13315440e-02
 6.90877292e-01 9.24261701e-02 5.16901460e-01 6.93979387e+00
 4.12609553e+00 1.26794355e-01 6.08092111e-01 2.48690192e-01
 6.29361191e-01 1.44350564e+00 2.10780582e+00 1.70104089e+00
 2.56952784e-01 5.91469872e-01 2.54113532e+00 2.69163673e-01
 4.04132614e-01 3.16555451e+00 4.81992318e+00 5.95497501e-01
 1.07339753e+00 7.46744494e-01 1.35091788e+00 1.19278564e+00
 1.17906299e+00 5.98966995e-01 3.60729096e+00 4.51049080e-01
 1.10798437e+00 1.34491473e-01 1.39356352e-01 4.78553966e+00
 1.48842995e+00 6.97647372e-01 2.75096964e+00 1.96375765e+00
 1.32050864e+00 5.05541772e-01 1.88262584e+00 9.60868818e-01
 1.25979621e+00 1.08822588e+00 1.05664546e+00 3.09857213e+00
 5.31400380e-01 4.52639730e-01 3.03034404e-01 2.10573149e+00
 9.16408287e-01 1.46935674e+00 2.98687619e+00 6.42029887e-01
 7.23478833e-01 9.47515827e-01 3.07536116e+00 1.55414838e+00
 1.84929481e+00 5.36856867e-01 1.08427414e+00 1.42509212e+00
 1.33667474e-02 5.86162320e-01 3.01329925e+00 2.20021283e+00
 1.27662166e-01 1.86261054e-01 8.84921046e-01 1.79374809e-01
 3.97459053e+00 9.77972781e-02 8.82272561e-01 6.74491217e-01
 1.63746707e+00 1.19550655e+00 1.96405037e+00 6.19429579e+00
 1.58418287e+00 3.50690680e+00 1.90484461e+00 7.52720845e-02
 1.07283388e+00 1.75669210e+00 5.07188788e-01 2.94336072e+00
 4.47370236e-01 2.41189346e+00 1.99954576e+00 9.88033694e-01
 2.63077638e+00 9.04215990e-01 8.52524656e-01 3.41909265e-02
 1.71887326e+00 8.71707501e-01 1.03654718e+00 9.84187969e-01
 7.51160746e-01 9.60425245e-01 2.92346294e+00 1.50999291e+00
 7.66330209e-01 1.21796015e-01 1.87895972e+00 2.94350640e-01
 1.32490123e-01 9.69769172e-01 3.70222706e-01 3.29306682e+00
 7.58238398e+00 7.51688838e-02 2.08395870e+00 7.04693970e-01
 5.70134991e-03 1.87552956e+00 8.06888805e-01 1.76865936e+00
 7.57180945e-01 7.55744693e-01 1.21278454e-01 1.46249275e+00
 1.27509631e-01 7.08208928e-01 3.17297134e-01 3.50554003e+00
 7.54032156e-01 1.05068428e+00 1.42517239e+00 1.53445575e+00
 1.04541328e+00 1.25602580e+00 4.22633486e-01 5.91955453e+00
 7.60660427e-01 8.97262684e-01 8.39690289e-01 3.55703156e+00
 4.80098953e+00 1.55546495e+00 1.32207235e+00 1.78042631e-01
 6.97937255e-01 4.49342807e-02 5.75021100e-01 5.57786407e+00
 1.42634897e+00 3.54627563e-01 2.18748634e+00 3.93461193e+00
 1.01787032e+00 4.57549939e+00 1.49022691e+00 9.79673376e-01
 1.19855135e+00 1.62729690e-01 3.88269797e-01 6.31619300e-01
 1.79506585e+00 1.66795332e-02 8.33124487e-01 8.47979208e-01
 5.58743138e-01 3.74103134e-01 3.07793412e-01 1.25195468e+00
 7.17343208e-01 7.58096010e-01 1.04317251e+00 5.98060199e+00
 2.36140825e-01 2.62057296e+00 1.72700282e-01 1.30397170e-01
 8.09785267e-02 1.73290356e+00 6.87207163e-01 3.92492487e+00
 1.63757020e-01 2.08888633e+00 9.73457491e-01 1.68360029e+00
 2.87092712e+00 2.00190696e+00 1.64008277e+00 2.05220746e+00
 8.87814423e-01 3.76983381e+00 1.15338747e+00 3.15676435e-01
 2.06487479e-01 4.94823048e+00 1.61243030e-01 8.83303051e-01
 3.27368468e-01 3.34477803e+00 1.62818993e-01 1.14473801e-01
 3.67157981e-01 9.26516405e-01 1.96905561e-01 2.69120218e-01
 3.19882483e-01 1.68552163e+00 6.31247622e-01 3.61863794e-01
 4.89611676e-01 1.34805967e+00 5.31190713e-01 1.14971895e-01
 3.25622435e-01 4.31767764e-01 1.08221195e+00 1.07922599e+00
 3.46460790e-01 2.39831265e-01 6.11622504e-01 1.38145938e-01
 5.96986889e-01 3.55744107e-01 5.19563170e-01 2.92107059e+00
 1.77866878e+00 9.12452528e-01 6.39892150e-01 2.85850632e-01
 1.63111870e+00 2.03087229e+00 7.49224487e-01 1.01165621e-01
 1.02077105e+00 9.47601430e-02 4.53315056e-01 7.13702316e-01
 2.27996375e+00 5.14264733e-01 4.46654549e+00 1.36256827e+00
 1.94928738e+00 8.48382777e-02 8.57524010e-01 2.90177956e-01
 1.12887735e+00 2.50080170e+00 3.41458174e+00 5.78344491e-02
 2.17449059e+00 1.44063649e-01 2.07119712e+00 8.84940049e-02
 1.16768902e+00 9.97275994e-01 2.44209962e+00 1.82337183e+00
 7.75475563e-01 4.70948927e+00 4.59635015e-01 1.51185627e+00
 1.64842874e-01 8.08566722e-01 4.82793260e-02 6.61438176e-01
 3.62197192e-02 7.18524703e-02 6.84028981e-01 5.32799431e-01
 2.95464442e-01 1.43678238e+00 1.18110351e+00 1.15338794e+00
 2.03361796e-01 2.70105421e+00 1.28327537e-01 1.20508742e+01
 1.05735319e+00 1.79022383e-01 3.02369039e-02 2.36156097e+00
 1.13020643e+00 1.29378224e+00 3.41227712e-01 1.00113893e+00
 7.40792519e+00 2.89683724e+00 1.72784478e+00 5.96271791e-01
 4.22565756e+00 1.19113776e-01 1.18966651e+00 4.89770457e-01
 1.51389574e+00 1.29405362e+00 1.03909790e+00 8.80936654e-01
 7.40105068e-01 9.52192530e-01 9.48955875e-04 2.84882787e+00
 5.69755132e-01 2.45160031e+00 3.55135420e-01 2.39054088e+00
 5.29017774e+00 7.12118094e-02 1.48399657e+00 2.04631555e+00
 1.45445866e+00 4.38643016e-01 2.07909235e+00 2.39088214e+00
 5.16358036e+00 1.55468248e+00 1.07826058e+00 6.79630464e-02
 2.51254438e-01 9.36036904e-01 1.89703246e+00 6.98246359e-03
 1.96886109e+00 9.01661507e-01 6.11838624e-01 4.46774464e-01
 5.06609106e+00 1.10367143e-01 3.04624122e-01 2.09679607e-01
 2.56592278e+00 6.13077662e-01 1.20494318e-01 5.40069349e-01
 7.56867391e-01 2.18497897e-01 3.64634668e-01 2.42625947e-01
 4.76017762e-01 6.53733513e-01 2.27906579e+00 6.39002954e-01
 1.06758471e+00 1.91897340e+00 2.09276806e+00 2.45838972e-01
 9.74141973e-01 2.57197013e-01 2.62499431e+00 1.98003812e+00
 5.29681506e-01 6.94875081e-01 8.82913128e-01 1.70558718e+00
 9.12245830e-01 6.87405621e-01 4.28836753e+00 6.58884287e+00
 3.33215824e-02 1.42708034e+00 7.89793249e-01 2.01484153e-01
 5.94280317e-01 1.20848206e+00 1.46640656e+00 1.52168509e+00
 4.39088330e-01 8.26884636e-01 5.74155655e+00 5.77400321e-01
 1.36199299e+00 3.80609903e+00 2.13560772e-03 9.47078210e-01
 3.13871885e+00 2.78078008e+00 2.38497775e+00 8.49401142e-03
 2.01883047e+00 1.01439447e+00 3.01616899e+00 5.59673898e-01
 8.48719150e-01 2.11036439e-01 2.28528089e+00 2.19716355e+00
 3.93196376e-01 2.73268217e+00 1.12734485e+00 4.96149076e-01
 1.37072711e-01 2.19558437e+00 7.37439571e-02 1.88403099e-01
 1.90077233e+00 3.57958990e+00 1.18431137e+00 1.21750258e+00
 4.08386404e-01 1.32014187e+00 7.57810266e-01 3.83046753e-01
 5.18896477e-01 2.56039462e-01 2.73243738e+00 1.55903519e+00
 8.44856750e-01 1.19806429e+00 7.26238552e-01 3.23973808e-01
 2.19208648e-01 4.57971281e+00 4.79001224e+00 6.16281729e-01
 1.65531510e+00 7.02734340e-01 4.76120648e+00 8.58570525e-01
 7.49589135e-03 1.30494201e-01 1.26343854e+00 1.48975554e+00
 8.26966139e-01 1.20338898e+00 2.69281532e-01 7.69486537e-03
 5.42885555e-01 7.57258469e+00 1.39829785e+00 2.40978956e+00
 7.52938827e-01 2.56346181e+00 6.29302252e-01 1.19310211e+00
 3.01894413e+00 1.27071080e-02 2.58080969e+00 2.58453495e-01
 2.10262191e+00 5.73379276e-01 1.90021911e+00 3.03526639e+00
 9.30062132e-01 3.70404615e-02 3.70337247e-01 2.01451129e-01
 5.42671334e-01 5.65517416e-01 4.77629052e-01 7.00591081e-02
 7.18384680e-01 6.67695761e+00 6.97963555e-01 6.62650810e-01
 4.56867660e-01 4.03581397e+00 8.43003798e-02 3.08874081e-01
 7.58581992e-01 6.68871958e-02 5.61714556e-01 3.96621857e-01
 1.73216806e-01 4.17455365e-01 7.42133792e-01 6.07209314e-01
 5.11361144e-01 8.36082024e-01 1.41725313e+00 7.82796796e-01
 2.38843487e-01 4.00329104e-01 4.12854241e-01 1.23453505e+00
 1.08882649e+00 4.78119631e-01 3.69950282e-01 2.16333401e+00
 2.26344331e+00 1.99131687e-01 1.11543456e-01 4.80423982e-02
 1.65682318e+00 6.52541550e-02 1.02698828e+00 5.11829281e-01
 3.58487235e-01 1.06572903e+00 2.16320148e-01 3.99848278e-01
 1.02277963e+00 3.12776854e-01 3.02590065e-01 4.80270535e-01
 3.04082411e-01 9.54383970e-01 2.70488700e+00 4.48708846e+00
 4.39483897e-02 7.72657885e-02 3.43093415e-01 2.67465482e+00
 3.32694860e-01 1.33143074e+00 1.83158947e+00 5.88348655e-01
 1.73347606e+00 1.44615504e+00 1.46666284e+00 1.27069615e-01
 2.53508915e+00 4.56930794e-01 5.86235539e-01 4.55388074e+00
 5.84957738e-01 8.75092328e-01 3.65276917e+00 4.45097127e+00
 1.10152444e+00 3.46050329e+00 2.31664493e-01 2.09238299e-01
 4.70175100e-01 1.53012856e+00 4.89560462e-01 3.81664526e+00
 2.40215178e+00 3.50233427e+00 6.23389686e+00 1.17218309e-01
 1.44295233e-01 5.12034121e-01 1.90645053e+00 1.31881254e+00
 1.03953976e-02 4.81341933e-01 7.95921582e-01 1.62173738e-01
 7.17738574e-01 5.70649800e-01 6.77271033e-02 3.41461235e-01
 5.45817349e+00 4.75966643e-01 7.55138370e-01 3.22680062e-01
 3.32005643e-01 8.71915555e-01 5.28189440e-01 2.60416911e-01
 1.86842167e+00 1.90193639e+00 3.58413128e+00 2.22088590e-01
 3.21327696e-01 2.40364719e+00 2.04488388e+00 4.10461017e-01
 1.42826265e+00 2.48561511e-01 2.27302097e-01 8.49923611e-01
 1.22435973e-01 5.99933749e+00 1.31239891e+00 3.05460803e+00
 5.11212664e+00 5.71173267e-01 1.16578743e-01 1.69118880e-01
 1.49359702e+00 9.17477790e-02 1.26857516e+00 6.32417426e-01
 2.99566236e+00 1.21750789e+00 2.55106748e+00 3.45854901e-01
 2.67301498e+00 2.55644283e-01 5.00697209e-01 4.12885797e-01
 9.30043564e-01 3.22286446e-01 2.12876344e+00 3.40020626e+00
 2.90670180e-01 2.34253034e+00 8.98304610e-01 9.47017398e-01
 1.17506008e+00 3.65905205e-01 9.80672337e-01 2.74242561e+00
 1.71601972e+00 9.76390709e-01 1.23564893e+00 3.04841394e-01
 2.13233805e-01 1.42891096e+01 1.63848012e+00 6.58083182e-01
 8.31416363e-01 2.48786786e+00 2.31713402e+00 2.39508140e-01
 8.08717985e-01 5.18016388e-01 6.15459227e-01 1.17704562e+00
 2.03823993e-01 1.16725298e+00 7.44874227e-01 2.43634808e+00
 2.79619507e+00 3.59835457e+00 3.04627438e-01 3.02424072e+00
 5.79131052e-01 1.02316868e-01 2.04049298e-01 4.24974572e+00
 1.34870983e+00 1.02093035e+01 1.03988885e+00 6.69584769e-01
 6.40261926e-01 2.08199421e+00 4.87300415e-02 6.17685151e-01
 1.30005717e+00 4.95346191e-01 1.09278715e+00 2.13376114e+00
 2.98793643e-01 9.14404565e-01 2.36455674e+00 1.02305755e+00
 1.13681773e+00 1.75299491e-01 1.21080172e+00 2.71895758e-01
 5.80333768e-01 5.86176580e-01 1.32673474e+00 3.24558477e-01
 3.68999958e-01 1.47138254e+00 1.96222080e+00 1.76683105e+00
 1.14507288e+00 3.18553820e-01 2.97374561e+00 6.08155916e-02
 2.52713577e+00 6.46476565e-01 5.14271764e+00 6.12584697e+00
 5.85482708e-01 2.93571591e-01 9.44235281e-01 3.52408281e-01
 4.02338369e-01 5.73580668e+00 5.47266601e-02 8.67654148e-01]