[0.39050668 0.13361087 0.50943603 2.98453581 1.56766196 1.74475731
 0.61925941 0.21272339 0.93022036 0.97312924 1.08460534 0.68731988
 0.11428515 2.61120855 0.21353484 0.55416472 1.68917762 0.20744201
 2.03913144 0.14043903 0.06539864 2.56667915 1.60799874 0.18553963
 0.37499916 0.28172932 0.21338948 0.03643678 0.25211802 1.57643867
 0.5121637  0.21099187 1.01242927 0.25932111 0.19395762 1.36261462
 0.40923579 1.62311142 0.03416606 0.83328706 1.41138456 0.57602294
 1.4096153  1.44738571 0.76934312 0.09280516 0.44398649 1.05543846
 0.4424018  1.31889502 0.35401948 1.98131154 0.04757049 0.78154704
 1.56494136 1.88218175 0.83695777 0.16990581 2.71089749 1.69315095
 2.21064552 1.78829459 0.09971245 2.55783533 0.04397054 0.52942159
 0.3035341  0.14416693 0.13217609 0.04733648 1.67875743 0.25513956
 4.04810081 0.22313304 2.26511278 2.6782009  0.23723483 0.1135297
 0.88583908 0.32657988 2.57397686 0.6817466  0.15820027 0.64438777
 0.95875587 0.39350118 0.25359481 0.13701924 0.28185358 0.26844087
 0.0825796  0.36150483 0.93514572 0.46418228 0.32016302 0.31055137
 0.33229398 0.09343169 0.11368117 0.01576953 1.81185947 0.99302438
 0.36240913 0.09124481 0.34644382 0.97498604 0.20404913 0.09403412
 0.70336138 0.16638523 0.18748284 0.90162273 0.25863558 0.95349495
 0.11960922 0.09081972 0.61477841 0.63231476 0.56285075 0.22493304
 0.20401114 0.20388268 0.09271953 1.52473382 0.43224402 0.52465547
 0.20232046 1.19703613 0.63090738 0.0480287  0.39003918 0.58523082
 0.49350652 0.16941398 0.32317495 0.2031849  1.29545474 0.74848207
 0.02801468 0.27567728 2.32639067 0.21534692 0.31965192 1.1795934
 0.72520957 0.72280455 0.45377168 0.15581241 0.0514814  0.72864704
 0.83413528 0.38207397 0.26339329 0.028466   1.66660958 0.28896857
 1.11549881 0.70680057 2.17635549 1.0317931  0.12551522 1.31594781
 0.19650454 0.56347713 0.12989487 0.70550394 0.9941797  0.17819738
 0.75703924 0.26281658 0.05361616 1.19205831 0.05961888 0.12525252
 1.45116768 2.74216462 0.16566713 0.18718043 0.32069076 0.16363592
 0.17441845 0.63817432 0.5786935  0.38980449 0.11333797 0.26991195
 0.22272735 0.17758972 0.09697825 0.06571672 0.54952399 0.00630965
 2.14961892 0.07102615 1.28306571 1.06870202 0.01341263 0.10604284
 0.07243832 0.19234389 0.82250676 1.16017218 0.38989375 2.18833285
 1.74775553 1.93092742 0.10334552 0.20711764 0.10740375 1.86566879
 0.21916218 0.53960068 0.45187045 1.06682814 0.19843255 0.48902291
 0.44642304 0.03493218 0.38063304 0.13707777 1.46805222 1.80158058
 0.01304387 0.89855446 0.3915035  0.12088754 1.22348975 0.16673072
 0.97923403 1.98536492 0.10706857 0.02953565 0.39426869 0.59630569
 0.64560892 0.28168698 0.25393322 0.91607876 1.17413624 0.9646414
 0.0354937  0.14311635 1.79326953 0.42990126 0.39825684 0.08693838
 0.41677438 0.02548278 0.11771328 0.4297335  0.08652973 1.88753818
 1.00721951 0.19566326 0.12810738 0.82740574 0.23558921 0.56627768
 0.00974144 0.52199514 0.08888913 1.34924958 1.23833903 0.89555585
 0.72428604 1.67537536 0.9788584  0.30962409 0.1560474  0.57728751
 0.28670375 0.41122122 0.15492961 0.58829316 0.01734342 0.16057558
 0.86650666 0.45851764 1.4269586  0.33274949 0.32099279 1.58519771
 1.70935328 0.23009893 1.36410808 0.47016116 0.18069507 0.75318697
 0.01395619 0.87639815 0.17027167 0.2133801  0.18917817 1.2017516
 0.63016317 0.06803117 0.9032878  0.69378401 1.13888413 0.53909966
 0.63154843 1.13579661 0.84831057 0.14744557 0.26253946 0.38369253
 0.21819454 0.44009818 0.94578528 0.946781   0.90043216 1.43139731
 0.17558165 0.02904776 0.13005165 0.1111166  0.30639155 0.0841531
 0.13357832 0.15863193 0.77783961 0.23642429 0.54369935 0.55037081
 0.49100172 0.21542311 0.09983378 0.41935001 0.47320115 2.0461711
 0.49828492 1.19227364 0.07986096 0.35677366 0.30080444 0.09489025
 0.21317433 2.40831399 1.09236846 1.1603113  0.63308761 0.19057747
 1.5231786  0.35120716 0.98636588 0.22058023 0.99810978 0.42219588
 0.9113859  2.46246671 0.1648945  0.13273479 0.63504581 3.36706921
 0.2839812  0.99260604 0.40489772 0.02757679 0.40360617 1.04583319
 2.78478086 0.58074052 0.00682347 0.87628154 0.0388974  1.36495318
 0.38675699 0.10034971 0.47096176 0.02884715 1.39419868 0.14883704
 0.76100061 0.56290104 0.07067436 0.25766155 0.25202285 0.10275291
 0.21887096 0.57858011 1.6646947  0.054436   1.14551955 1.23029709
 0.39066855 1.04914289 0.17503062 0.24236286 1.58701832 0.45162094
 1.49693358 0.61644624 0.58945381 0.42616446 0.38384434 1.67660551
 2.19478793 0.38768367 0.51685206 0.29545792 0.37925798 0.85106597
 0.18771545 0.28398532 0.2647331  0.15264575 0.24050707 0.56444239
 1.65701259 0.24930278 0.06776725 0.28572537 1.44696    0.48718006
 0.21396747 0.25545994 1.18734491 0.26889621 1.16112211 0.13979767
 0.36297147 0.52256629 0.0374694  2.64959622 0.62372452 1.96852329
 2.45167431 0.12882178 1.32105611 1.12560752 0.38828306 0.3404653
 0.35558061 0.13956754 0.30157858 2.38637904 0.1363466  1.67140055
 0.06213833 0.60852699 0.72346499 1.29185796 0.08235959 0.03054919
 0.25930018 1.05912628 0.73766399 0.74833008 1.00689363 1.45210239
 0.20423257 0.03213718 0.06466954 0.10316587 3.70248831 0.50212367
 0.5153233  0.26642649 0.32813099 0.35531846 0.1815452  0.17084156
 0.2578322  0.34523344 0.21335041 0.68107604 0.1460416  1.00918703
 0.80007336 0.10517659 0.64929301 0.21186048 0.6087608  1.75117534
 0.29433809 1.38677659 1.05271212 1.36885795 0.74838426 0.80184914
 0.60935952 0.29222143 1.59374376 0.27478854 0.36084686 0.11886338
 0.45169749 1.7111698  0.62915664 0.12338949 0.06080127 0.37518035
 0.8007442  0.01589011 0.25545479 2.5212803  0.34574867 0.64771969
 1.18368756 0.32606414 0.23989664 0.15428862 1.65659172 1.1305312
 0.36008215 2.41191542 0.79139    0.23977649 1.16927278 0.86775992
 0.62040555 0.09216662 0.02646862 0.95698041 0.06042822 0.01007934
 0.37373603 1.08610307 0.63168406 0.53843334 0.11702192 1.3680122
 0.4020418  2.16330241 1.73157081 0.48516214 0.74234756 0.68017295
 0.64411391 0.95748476 0.45380657 0.45209485 0.20057466 0.19440964
 0.09287511 1.11571878 0.51066328 0.27585741 2.99279668 0.12470917
 0.62680338 0.75833897 1.33435473 0.83546899 0.58796788 0.01126579
 0.73173119 0.4900327  0.04615018 0.14730315 1.4524182  0.22271039
 0.53792522 0.07444277 0.24795635 0.28863625 0.44981092 1.61318124
 0.32948715 0.26060665 0.07418616 0.3693019  0.57796518 0.36747723
 0.54590644 0.25423986 0.41384987 0.13580334 0.68813073 0.15733244
 1.96503221 1.59478826 0.01354825 0.12878629 1.28634837 0.84224565
 0.34519183 0.31078066 0.67041247 0.54426933 0.62593944 1.1821632
 0.37702285 0.56408042 0.70984442 0.07900039 0.59718799 0.22793444
 0.83542596 1.78594277 0.49205152 0.15203636 0.84518585 0.15109608
 1.00239945 0.73599568 0.63968712 1.11474352 0.33618678 1.09051738
 0.15782234 0.07964846 0.6344034  0.59217609 2.449793   0.36550255
 0.51893617 0.07830272 0.37219536 2.61999168 0.61445117 0.16883961
 1.85161474 0.59009996 0.02433958 0.06303065 0.62555712 0.37907758
 0.42423618 0.56915651 1.1128143  0.35618952 0.39173097 0.14314787
 0.62938001 0.34061022 1.29537194 1.60328599 0.59455411 0.49023365
 1.2949266  0.44115244 0.72420499 0.40077737 0.84892144 0.14193002
 0.72550337 1.12252006 0.25520774 0.51716145 0.08896657 0.35781619
 1.94016233 0.79034727 0.24419099 0.14930513 0.84508622 1.56825475
 1.16013049 0.23545658 1.32945241 0.70119349 1.31406155 0.24810705
 2.2233038  0.10466058 0.21111137 0.09852825 0.00743973 1.37771513
 0.3283852  1.32614287 2.23198468 0.28749523 1.35781498 1.62811168
 0.27231859 0.00573005 0.6907005  2.80482787 1.55823706 1.01103732
 0.0956291  0.82034852 0.4519686  0.02963071 0.97558965 2.95662054
 2.09814142 0.12415156 2.16005703 0.26202218 0.48626345 0.88649796
 0.27220019 0.40017006 1.04048443 1.4465163  0.26142008 0.62618099
 0.02174031 0.59202329 0.24937963 0.56289786 1.45802141 0.01195957
 2.06527067 0.81601969 0.42523845 3.80810531 2.54129328 0.08544343
 0.30850362 0.37567157 0.17681467 0.91945302 0.599446   0.00991106
 0.39401152 1.26850805 0.52755924 0.10828253 0.41116582 1.12736251
 0.03847052 0.6880778  0.24916783 0.01711305 0.19571735 0.19060014
 1.50048049 0.09106055 1.27957102 0.14568444 0.7637143  0.15159628
 0.09057448 0.62662333 0.14282687 1.04774534 0.969041   0.16761615
 0.13555885 0.5504981  0.30013869 0.74500228 0.00476219 1.40963977
 0.06454517 1.48387355 0.59570062 0.50893549 1.22566495 0.81921188
 1.40602887 0.08496307 1.65212756 0.38130594 2.66905561 0.16339066
 2.33168671 1.26718497 0.01909902 0.00834658 0.21569986 0.69151517
 0.99600675 0.80351562 0.80999434 1.24171476 1.40894552 0.77719931
 0.07529884 0.87997459 2.27946559 0.28299969 1.72336507 1.09177562
 0.25404005 1.34507757 0.25495021 0.26773415 0.34751958 0.71000452
 0.05202083 0.47528199 0.66772758 1.07881681 0.2750455  0.08705281
 1.03308967 1.46924991 0.02824388 0.4751564  0.80677424 0.74393509
 0.00657212 0.73061282 1.59088498 1.47122368 0.20753995 0.04715724
 2.40532893 0.07792312 1.05252623 0.69641839 0.06401001 0.2790472
 1.20269231 1.00110736 0.58606021 0.27024052 0.03016165 2.35933855
 0.48250253 0.24614596 0.05541227 0.11853846 0.28751308 0.73297413
 1.07005008 0.6331642  0.74801474 2.08815446 0.81257389 0.36917338
 1.74690846 0.19282278 0.44303092 1.22869611 0.42967187 0.04060007
 1.31119042 0.96913185 1.23978814 1.99048728 1.48559301 0.1380021
 2.1752726  0.51022118 0.65511262 0.25121129 0.47829908 0.71651107
 0.00976985 0.20497154 1.01946301 0.54474963 0.36407215 0.79823085
 0.13633922 0.35672196 0.58100569 0.273262   1.05311379 2.08344952
 0.80912585 0.13690886 0.03711745 0.06674539 1.04827979 0.17907547
 0.9254625  0.01307632 0.12155835 0.19023198 1.88120809 0.60239687
 3.16505578 0.80618073 0.62022696 1.12314854 0.29492703 0.21555616
 0.72907557 0.54305863 0.55918918 2.14350718 1.32000301 1.16842124
 0.48354839 1.67773677 0.59985244 0.10488508 0.42535671 0.4245742
 0.04303054 0.19446958 0.91473748 0.40424204 0.31837247 0.63664913
 0.338383   0.21194941 0.70581903 0.75256605 0.1403936  0.43998026
 0.2271549  0.09458114 0.22675999 0.43549332 0.76302568 0.51758734
 0.95144588 0.32782844 2.06094184 0.47654098 1.30586513 0.07381567
 0.39966057 0.02264923 0.34498413 1.00528465 0.04065101 0.06746737
 0.84247124 0.93140069 0.69771123 0.03317977 0.47821179 2.20839493
 0.66283078 0.59231142 0.23028745 0.20380505 0.16444547 0.5581567
 0.25854832 3.56735128 0.29258145 0.47436058 0.06235815 0.16749225
 1.05237426 0.07694831 0.03497281 1.42508955 0.60581785 0.62142933
 0.24235711 0.70548284 0.28835637 0.68477231 0.17955282 0.19322715
 0.15963204 0.63251879 0.2359201  0.79594474 0.47627329 0.20270781
 0.45948123 0.54482614 0.37566664 0.55331601 0.20864432 0.02227757
 0.15940715 0.73593354 1.68958315 1.90762885 0.36545616 0.12333336
 0.78804552 0.10543851 1.04907469 1.18430193 0.08884587 0.20509556
 0.275393   2.57197264 1.57890295 0.87351467 0.91649413 0.23603467
 0.13699954 0.0870175  0.2171221  0.68192905 0.97193833 0.23335186
 0.13730623 0.22467958 0.58342552 0.45621921 0.42054311 0.48213098
 1.38801777 0.16867529 0.65869769 0.03649558 3.29664934 1.34510608
 1.12648884 0.04582851 0.07032208 0.34661084 0.30611851 0.02542799
 0.92341772 0.40999906 1.41820468 0.81324873 0.76706045 0.38351228
 2.41407022 0.08545274 0.14244938 0.17750324]