[3.74297134e+00 5.13055367e-01 1.91386635e+00 1.20194260e+00
 3.29047323e-01 3.90527365e+00 8.92458883e-01 4.11027385e-01
 3.08689562e-01 7.04250364e-01 2.99917515e+00 2.23414094e+00
 1.13086321e+00 4.47109827e+00 9.36850852e-01 6.70938149e-01
 2.57983960e+00 2.15682282e+00 9.28872496e-01 6.00465643e-01
 1.85797610e+00 7.33974496e-01 1.22524922e-01 2.78529455e+00
 4.12765625e+00 2.68607006e-01 2.94098605e-01 2.06783992e+00
 9.09136863e-03 2.03997539e+00 1.06727344e+00 1.21387207e+00
 8.61783207e-02 8.73956767e-01 2.50677857e+00 2.05728387e+00
 4.57471099e+00 1.61381177e+00 1.61949241e-01 7.65946428e-01
 3.03407637e-01 1.96713292e+00 7.59108232e-01 1.04180349e+00
 2.37582800e+00 1.21381577e+01 8.38434172e-01 1.08341655e+00
 8.41822756e-01 7.80993580e-02 2.12408301e+00 6.30325253e+00
 3.62909426e-01 1.60110986e+00 5.35038960e+00 1.26838650e+00
 3.85190277e+00 1.60007196e+00 8.45793189e-01 2.42150546e+00
 1.30343247e+00 1.21794364e+00 2.59680625e+00 1.11541221e+00
 2.14525414e+00 1.37633291e+00 4.30965560e-01 1.49079957e+00
 4.76354473e-01 4.50515394e+00 2.64734945e+00 1.37796012e-01
 6.00576608e-01 3.74504878e-03 3.73430119e+00 1.90319620e+00
 1.47507117e+00 4.75901532e-01 1.74289771e+00 1.16078096e+00
 4.21330267e-01 1.75318304e+00 1.54029643e+00 2.72493373e+00
 8.71429997e+00 7.02073458e-01 4.34116997e-02 8.67327302e+00
 2.47933666e-01 3.21680672e+00 1.24838554e+00 1.90762871e+00
 1.20715056e-01 2.77866990e+00 4.49729552e+00 1.50035587e+00
 5.65932522e+00 8.87440848e-01 5.98513614e-01 2.55164944e+00
 2.18308228e+00 2.92464656e-01 7.79382461e-01 3.73950397e-01
 1.81281686e+00 3.73750204e-01 1.13071025e+00 1.14631178e+00
 1.30003404e-01 6.87058053e-01 8.73518251e-01 1.11329917e-01
 2.51919116e-01 2.40045775e+00 2.51631791e+00 1.85690216e+00
 2.04438023e-01 4.12227310e-01 2.60108043e+00 1.96204477e+00
 8.44440835e-01 4.22269593e-01 5.51695220e-01 1.79278807e+00
 3.24454550e-01 1.65560014e+00 3.25554492e-01 2.41477627e-01
 3.38275240e-01 1.70789303e-01 2.70291552e+00 2.43741729e+00
 4.32779676e-01 1.27104541e+00 2.47069056e+00 3.49434807e-01
 3.42310359e+00 1.22911826e+00 1.84115761e+00 2.36590896e+00
 4.44948957e-02 1.04569913e+00 3.72972867e+00 1.55599167e+00
 1.43878782e+00 1.54416339e+00 1.38408824e+00 4.92389051e-01
 5.70486452e-01 1.22486529e+00 1.41963943e+00 2.82754526e-01
 1.19544299e+00 1.48006546e+00 1.15979087e-01 2.90266916e+00
 1.25152752e+00 3.03108869e+00 6.17634925e-01 7.31378969e+00
 3.66245151e+00 2.74748379e-01 1.38360173e+00 8.48491666e-01
 2.22464492e+00 1.45883151e+00 2.75601065e+00 3.72193602e-01
 1.92940763e-01 4.41624616e-01 1.72638356e+00 2.62633144e+00
 2.87517663e-01 5.83658315e+00 6.28982643e-01 6.24555299e-02
 5.62333971e-01 4.53284983e-01 3.05892783e+00 5.14175168e-01
 1.53818482e+00 4.19065527e+00 8.67503842e-01 3.27634047e-01
 1.00852110e+00 3.47734022e+00 1.50241227e+00 2.61356507e-01
 1.49125060e+00 1.02385472e+00 1.81124855e+00 1.88570988e+00
 2.99167139e+00 2.30353723e+00 8.51866831e-01 1.58086390e+00
 1.83195927e+00 3.05225640e-01 4.51656192e+00 1.74994112e+00
 2.47312304e-01 2.47186607e-01 2.44996032e+00 2.14006011e-01
 4.88721406e+00 5.35721275e-01 1.35707247e+00 1.68170385e+00
 2.56611217e-01 1.05766115e+00 1.96296426e-01 8.40499310e-01
 3.07825407e+00 1.45012136e+00 4.72633017e-01 4.54773590e-01
 4.73376761e-01 3.45229903e+00 1.55941769e+00 7.27573568e+00
 1.86741014e+00 3.58217032e+00 1.43458372e+00 1.26553533e+00
 3.89089183e-01 2.91086861e+00 2.01794500e-01 2.41204898e+00
 1.17753451e+00 6.31964058e+00 1.08260139e+00 2.47357945e+00
 2.51432004e+00 1.04146745e+00 3.66455849e-01 1.43855816e-01
 7.35724347e-01 1.53649472e-01 3.75289438e-01 5.49462394e-01
 4.29987619e-01 4.22441634e+00 8.89042240e-01 1.26042690e+00
 2.92949529e-01 3.60748147e+00 1.14822016e-01 3.15030896e+00
 4.25699460e-01 2.70557060e+00 1.10298935e-01 6.73597623e-01
 1.31655613e-01 1.81896389e-01 1.37211805e+00 1.36664523e+00
 2.57032397e+00 1.23298848e+00 3.98020012e+00 9.98220636e-01
 2.40687947e+00 2.35948942e+00 3.50195742e+00 6.39035126e-01
 9.90065975e-01 5.43592601e-01 1.31368908e+00 3.74342618e+00
 2.87095245e-01 2.41984753e-01 6.66020212e+00 2.33994405e+00
 2.63945157e-01 2.51616336e+00 1.95332186e+00 2.44077175e+00
 1.92349598e+00 3.69187865e-01 7.25495547e-01 1.82542425e+00
 2.38010493e+00 4.85514185e-01 3.23081106e+00 4.24497889e+00
 7.25319988e-01 2.48600193e+00 4.64287146e+00 8.43664014e-01
 4.58222284e+00 2.46590598e+00 5.25387487e+00 3.00587939e+00
 1.72960267e+00 2.51308266e+00 1.28992642e-01 1.21981025e+00
 1.11966217e-01 6.29693465e-03 4.74288669e+00 4.79844362e-01
 4.51619025e+00 9.37964417e+00 6.57625755e-01 1.54020458e+00
 1.20796368e+00 2.35867042e+00 5.14767695e+00 1.44767227e+00
 3.28978927e+00 6.35379751e-01 1.19623052e+00 1.01498091e+01
 6.32882500e-01 2.09398243e+00 6.14601664e-02 1.53656106e+00
 2.33641131e+00 4.74825947e-01 1.96865876e-01 4.47696600e-01
 6.07880795e+00 4.72082633e+00 2.60084251e+00 3.25139632e+00
 1.59900874e+00 3.23649817e+00 1.24297762e+00 3.44526446e+00
 1.22832598e-01 5.22370622e-01 2.46280210e+00 4.36373318e+00
 6.42155940e-01 2.07715178e+00 2.28396865e-01 1.14586541e-01
 9.65634385e+00 3.03111493e+00 2.18580930e+00 2.28394897e-01
 2.37718617e+00 9.08433590e-01 1.11142532e+00 5.37995920e-01
 1.07999671e+00 6.88402713e-01 4.67421745e-01 1.95389158e+00
 5.17258358e+00 8.68181342e-01 1.25709413e+00 3.39157447e+00
 1.09887428e+00 5.38490011e-01 5.60988227e-01 1.68294324e-01
 7.05620156e-01 1.86555440e+00 1.95840769e+00 3.82904805e+00
 1.59348767e+00 7.00946669e-01 4.97779879e-01 6.40507793e+00
 3.91226906e+00 1.82411347e+00 1.59760392e+00 2.50467148e+00
 5.67072509e-01 3.19924818e+00 2.63840080e+00 2.52865390e+00
 2.24672291e+00 1.49020450e+00 7.58577340e-01 3.41769826e-01
 1.00506098e+00 5.84797346e-01 3.22195570e+00 1.14050541e+00
 3.65285260e+00 4.49345508e-01 3.23013406e+00 3.27213341e-01
 1.82564246e+00 4.35413617e-01 1.29163477e+00 1.45307619e+00
 3.00141969e+00 6.99449132e-01 6.44716347e-01 2.12688297e+00
 1.02630001e-02 1.48034255e-01 3.15834796e+00 2.34497828e+00
 1.34812261e+00 5.32055462e-01 1.18375383e+00 5.19285759e-02
 2.60269372e+00 1.10955558e+00 1.90303520e-01 5.63843605e+00
 9.09973958e-01 7.51373074e-01 1.24994851e+00 5.16016454e-01
 2.00078350e+00 1.56350687e+00 3.59644391e-02 2.78510982e+00
 1.32326105e+00 2.74157973e+00 3.39218422e+00 7.37850365e+00
 4.12085767e-01 2.41115630e+00 7.44132761e-01 6.37738964e-01
 2.16179130e-01 2.27696145e+00 2.81086359e+00 2.70652359e+00
 1.80371949e-01 1.47881007e+00 7.08144750e+00 1.00698235e-01
 4.41563167e-01 2.41194927e-01 3.95038172e-01 1.88126620e+00
 1.99400996e+00 2.78634162e+00 3.75635715e+00 2.52782549e+00
 5.97859327e+00 2.58413453e+00 3.43368802e-01 4.55862979e+00
 3.46918659e-01 7.17880364e-01 6.20925582e+00 1.38787037e+00
 2.06105557e-01 6.18558537e-01 1.60529975e+00 6.06733560e-01
 6.06738567e-01 9.25766907e+00 9.48480986e-01 2.80753576e+00
 4.72065257e+00 1.35172648e+00 1.69024506e+00 2.58096462e-01
 7.88958314e-01 9.30937579e-01 2.12866670e+00 9.30984502e-01
 3.01875737e-01 3.77970496e+00 2.53690336e+00 2.43307221e+00
 6.94488070e-01 2.57458995e-01 1.80582548e+00 1.56028286e+00
 6.59235156e-01 4.43795639e-01 1.17497917e-01 1.14741410e+00
 1.65572018e+00 6.46088509e+00 2.64827311e+00 6.72907946e-01
 1.15026676e+00 1.04838470e+00 1.02151268e+00 4.23702615e+00
 1.03012463e+01 1.20587319e-01 3.10386152e+00 4.83742108e-01
 5.57699446e+00 7.45433814e-01 4.17935123e+00 2.68051106e+00
 5.55293930e-01 3.44027623e+00 2.03789659e+00 2.61253166e-01
 2.40217430e+00 9.88204868e-01 3.22691967e+00 2.23516676e-01
 1.10710847e+00 2.36057036e+00 2.89153351e-01 1.91226049e+00
 3.82411832e-01 6.01032051e+00 5.93801592e-01 1.12349925e-01
 5.05629651e+00 6.66735827e-02 1.86844566e+00 1.65011778e+00
 5.85016815e+00 6.94044084e-01 6.08338753e-02 8.52621041e-01
 2.69801624e-01 2.03560641e+00 9.09056991e-02 3.42396135e-01
 3.26973710e+00 4.53785004e+00 1.34789386e+00 1.26469488e+00
 3.51224383e+00 3.08673243e-01 4.51130957e-01 1.49391941e+00
 1.86547637e+00 1.41576301e-02 4.98538207e-01 1.53387946e+00
 2.14760648e+00 3.56578057e-01 1.65567562e+00 4.35800409e+00
 1.35004013e+00 3.32620480e+00 3.27140583e-01 1.64658225e+00
 3.25398726e-01 5.87648627e-01 3.72115617e+00 7.76397156e-01
 1.22408868e+00 8.67847159e-01 1.25070883e+00 6.36934354e-01
 4.86379459e-01 2.39912309e-02 2.07424200e+00 2.51562025e+00
 1.21742594e+00 2.44229631e-01 4.73408289e-02 7.88664586e-01
 1.37340885e-01 1.71319482e+00 3.65954423e+00 3.02156397e-02
 1.48931856e+00 1.91139276e+00 1.10936640e+00 1.49740789e+00
 3.17685253e+00 3.24882953e+00 1.82703476e-01 1.05172479e+00
 2.25810888e-01 1.72739591e+00 1.54470910e+00 1.09038375e+00
 6.57735248e+00 1.76868190e+00 2.94809012e-01 4.16779271e+00
 4.49363396e+00 1.31815819e-01 7.35013515e-01 1.69855325e-01
 2.34011335e+00 4.64908589e+00 3.02520914e+00 6.43483380e-01
 6.02659878e+00 1.15381914e+00 1.53143779e+00 2.29431510e-01
 3.12701208e-01 2.68508859e+00 6.66911002e-01 4.06870734e+00
 3.75443504e+00 2.53738700e+00 2.78809141e+00 3.75604725e+00
 8.02085436e-01 1.19272792e+00 5.03427565e-02 7.53565677e-01
 6.76546240e-01 2.49345623e-01 2.81194493e+00 6.53495557e-01
 5.05842254e-01 3.14513957e+00 1.37356022e-01 1.47353476e+00
 4.74863060e-01 2.96547295e+00 1.57668378e+00 8.80478662e-01
 4.52053683e+00 1.81774495e-01 3.19726006e+00 3.66471886e-02
 2.65705559e+00 5.28674081e-02 4.91182360e-01 2.66262810e+00
 1.46607560e+00 6.64657325e-01 2.26943386e-01 3.15103528e+00
 1.93159145e-01 9.29326974e-01 4.58215471e-01 4.39838995e-01
 3.15863082e+00 9.06765392e-01 9.23596497e-01 3.42047329e+00
 1.74378069e+00 6.90614333e-02 5.95777813e-01 4.92683292e-01
 1.83535049e+00 4.56877686e-01 1.51658565e-02 1.56313251e-01
 2.59821155e+00 3.13859289e-01 1.52917747e+00 9.17256103e-01
 8.57314054e-01 6.68232134e-01 2.36594092e+00 5.02500563e+00
 2.05122938e+00 2.18136317e+00 2.45021169e-01 1.92690620e+00
 2.49023304e+00 1.12350792e+00 5.60599977e-01 2.79455003e+00
 1.55166425e+00 4.66956997e+00 2.25459865e+00 7.51145705e-01
 1.15123289e+00 2.79138057e+00 8.94887599e-01 1.12770521e+00
 5.51771440e-01 7.92099130e-01 8.54411173e-01 1.27585138e+00
 1.54955567e+00 1.07887983e+00 5.42777333e-01 4.18620680e-01
 3.01478453e-01 3.67239259e+00 4.01940691e-02 2.37070669e+00
 8.65905940e-01 1.63397984e+00 2.53729654e+00 2.75354455e+00
 2.69670400e-01 1.12994375e+00 4.92224500e-02 4.58631717e-01
 1.68552221e+00 7.33264250e-01 2.38319038e+00 5.78609541e-01
 2.95454100e-01 1.28896628e+00 1.34140313e+00 1.87062799e+00
 8.43391908e-01 7.83145389e-01 3.31350909e+00 2.18659526e-01
 4.99572113e-01 2.46277691e+00 6.70900835e+00 9.28466446e-01
 1.40198493e+00 4.95459133e+00 3.16149429e-01 1.51827505e-01
 2.97604965e+00 2.98531470e+00 4.41486062e-01 2.75491706e-02
 4.41328545e-01 8.06972502e-01 1.66733435e-01 3.31426087e-01
 1.19629449e-01 4.64275901e+00 2.81848905e+00 1.01907439e+00
 1.35180828e+00 7.03824770e-01 2.50791235e-01 1.71292779e-01
 1.78606909e+00 2.91066862e+00 1.74126245e+00 7.75089986e-01
 3.17478940e+00 6.60849259e-01 2.84964452e-01 1.49535585e+00
 5.26266245e-02 4.65077739e+00 2.91548993e+00 3.83915403e+00
 4.46302026e-01 4.48569988e-01 6.56201980e-01 6.98550667e-01
 9.98789634e-01 5.36201338e-03 1.97585464e+00 1.23699747e-01
 2.14699797e+00 4.69244479e+00 8.95702996e-01 9.38346902e-01
 1.81019108e+00 1.66527426e+00 5.68846835e-01 3.01988893e-01
 1.05862659e+00 2.60361634e+00 3.15276883e-01 3.23227443e+00
 3.34304514e+00 6.97274260e-01 3.75993387e+00 4.02017142e-01
 8.62676930e+00 1.36276615e+00 8.24609957e-01 2.11708925e+00
 1.06260973e+00 6.23048192e-01 3.67870126e+00 2.13847389e+00
 5.24362049e+00 1.07311273e-01 8.52683700e-01 4.50253268e-01
 9.10964702e+00 6.43027367e-01 8.46184735e-01 2.26374923e-01
 1.81814626e+00 1.68030871e+00 7.75385814e-01 2.95759009e+00
 2.04202188e+00 1.41002725e+00 1.14673688e+00 7.79257884e-01
 1.04019740e-01 1.07169594e+00 3.81248135e-01 7.75302168e-02
 5.70867462e-01 1.14215596e+00 6.04495498e-01 1.85322168e-02
 4.41589192e+00 1.67671819e-01 8.33862931e-02 1.27582437e+00
 1.57103644e+00 4.41812331e-03 2.94742672e-01 5.38223398e+00
 1.23430846e-01 8.98598012e+00 5.60680957e-01 2.07734254e-01
 1.58266930e+00 4.01011735e+00 3.10940652e+00 4.86583362e+00
 3.20669605e+00 1.73427156e+00 3.58095280e+00 7.87730735e-02
 2.90135461e-01 3.12501955e+00 5.78727001e-01 3.27654809e-02
 5.62185175e+00 3.67236412e+00 5.65076846e-01 4.73472429e-01
 3.08671591e-01 3.10301013e+00 5.72750940e+00 5.90730959e-01
 1.79151300e+00 8.57517913e-01 2.48012748e+00 2.10869043e-01
 6.33183077e-01 4.16040407e-01 1.69486501e-01 4.02957573e-01
 2.05091506e+00 7.19801377e-01 1.10785194e+00 1.41465655e+00
 1.63132474e+00 9.39932198e+00 6.21451805e+00 6.28693694e-01
 3.12977812e-01 3.45768744e-01 1.06296508e+00 3.03233048e-01
 1.71075594e+00 9.31627579e+00 4.43368759e-02 3.45895549e-03
 2.95190679e-01 5.07254367e+00 8.51980736e-01 5.73709352e+00
 2.26378071e+00 2.12122504e+00 1.52100051e+00 6.31422698e-01
 3.78131652e+00 6.45455031e-01 1.66379018e-01 4.11960166e-01
 1.89669949e-01 1.74754468e-01 1.11308360e+00 4.24855287e+00
 1.01353354e+00 1.86583271e+00 4.25587407e-03 3.93416776e+00
 7.26576760e-01 4.36146230e+00 7.97660289e-01 3.25511329e-01
 1.24045055e-01 1.30110688e+00 1.17753965e+00 2.13368224e-03
 1.18669412e-01 1.54403939e+00 2.35286963e-01 2.25318768e+00
 1.60938572e+00 2.48668093e+00 2.21592331e-01 3.32337836e-01
 1.78437413e-02 3.27313006e-02 6.33900136e-02 5.01113015e-01
 2.05970302e+00 2.00600773e+00 1.68851488e+00 9.61564601e-02
 9.01018050e-01 1.64707022e-01 5.04799680e-01 7.44410820e-01
 3.37690067e-02 8.82343847e-01 3.13129876e+00 2.87685155e+00
 1.88575169e+00 4.15818406e+00 1.53986034e+00 1.52718258e+00
 4.98946277e-01 1.02951496e+00 1.22821004e+00 2.86550955e+00
 1.85930404e+00 2.92721425e+00 1.77868033e-01 1.59956628e+00
 1.65652400e+00 1.80478802e+00 4.00521793e+00 9.35134977e-02
 2.88659280e+00 4.03866388e-02 1.84756487e-02 6.82632293e-02
 3.44007884e+00 1.80772477e+00 3.02224177e-01 1.91452692e+00
 2.23705966e-01 6.87935957e-02 3.21846909e-01 2.17112138e+00
 1.24997216e+00 1.18462689e+00 1.60619291e-01 1.05698334e+00
 3.21610127e-01 2.13406915e+00 1.29393220e+00 1.32136418e-02
 1.74609934e+00 1.45655669e+00 6.28737998e-01 1.57464058e-01
 4.28399471e+00 2.92563584e-01 2.98980380e-01 3.06642591e-01
 1.80599039e+00 1.74087603e+00 7.15164159e-01 2.70821795e+00
 2.54276913e+00 5.47358502e-02 8.17000133e-01 5.13065653e+00
 6.60689918e+00 1.05743457e+00 5.22352724e+00 2.84520428e-01
 1.98894708e+00 6.43540389e+00 2.57794234e+00 7.27744834e-01
 4.05297152e-01 2.31527098e+00 6.14932838e-01 3.35875295e-01
 3.07261699e-01 2.60334209e+00 1.10573391e-02 1.85199972e+00
 1.71614636e+00 6.30144686e-01 1.88315650e+00 4.08861860e-01
 3.41394377e+00 8.70317259e-01 1.58260970e+00 2.81213828e+00
 6.93511022e-02 7.70071944e-01 3.37704347e+00 1.48303160e+00
 7.49703027e-01 2.49148851e+00 6.86565932e-01 1.18349255e+00
 2.41890004e+00 9.50317883e-01 4.15510426e+00 1.23284633e+00
 2.64834676e+00 1.63428233e+00 1.11887474e+00 5.13609676e-01
 8.18852757e-01 3.56709944e-01 1.10974563e-01 5.49494496e+00
 1.21877299e+00 1.77332869e+00 1.41654678e-01 1.88527893e+00
 1.01216777e+00 1.31102394e+00 1.70580268e+00 9.11683907e-01
 2.15306262e+00 1.60498219e+00 1.18023710e+00 1.34320015e-01]