[4.92853205e-01 1.92967282e+00 3.29830139e+00 3.95490874e-01
 7.48384122e-01 8.96855458e-01 2.77708909e-01 7.15641579e-01
 4.37031341e+00 7.34129096e-01 1.19235187e-01 2.13204785e+00
 4.91704589e-01 2.91537340e-01 7.54689306e-01 6.98712107e-02
 1.49921885e+00 1.75279994e+00 1.20601853e+00 5.44101060e-02
 1.12938154e+00 2.31537083e+00 2.34783073e+00 3.69733832e-01
 2.95741435e+00 8.84157621e-02 7.53362569e-01 1.29645719e+00
 3.96500730e-01 3.57255337e-01 5.89384444e-01 1.33695297e+00
 1.52027449e-01 1.48510017e+00 2.83401880e-01 4.43296351e+00
 6.66432607e-02 1.02850367e+00 1.63798736e+00 4.13594171e+00
 4.54419369e-02 1.52013283e+00 1.71282300e+00 8.30001226e-01
 8.08701578e-01 1.96919404e+00 2.62192163e+00 1.86606087e+00
 4.91881253e-01 9.70514939e-01 4.23955762e-01 1.96247294e-01
 9.90201888e-01 4.15115400e-01 2.27683663e+00 4.23139150e+00
 9.29569626e-01 1.17863177e+00 1.48472716e+00 5.67833423e-01
 3.77160967e-02 3.27026801e+00 2.91361755e-01 9.97645947e-01
 1.75161206e+00 2.81876761e-03 9.69969045e-02 1.45333535e+00
 3.72893212e-01 9.62259962e-01 1.25921469e+00 1.19390094e+00
 1.46638864e+00 1.17129732e+00 4.13599699e-01 1.02275109e+00
 5.63529072e-01 1.64485784e+00 6.44721777e-01 7.58940144e-01
 1.45837040e-01 3.39120733e-01 1.57902336e+00 2.22260546e+00
 2.63114589e+00 6.59044313e-01 3.23289326e+00 3.72837883e-01
 1.56597207e+00 1.35441633e+00 2.23122387e+00 5.21043193e+00
 2.33860727e+00 1.69482923e-01 1.66517885e+00 2.57790970e+00
 4.88695962e-01 1.32970475e+00 8.80772614e-01 7.63711125e-02
 9.35468903e-02 1.52054760e+00 1.87607032e+00 1.92017989e+00
 5.01371970e+00 5.42060475e-01 3.72185869e-01 3.46928762e+00
 2.70568204e-01 1.73532987e-01 2.37086013e+00 4.82391662e-02
 2.61079021e+00 6.68102201e-02 7.88055581e-02 2.19839995e+00
 1.18556903e+00 2.50031090e+00 8.90116931e-01 1.50451807e+00
 2.80508634e-02 1.45075180e+00 6.34601173e-01 9.99836506e-01
 9.30977657e-01 2.90621707e-01 3.50645193e-02 3.52791370e-01
 2.00030069e+00 3.39794158e-01 1.57561340e+00 1.14455006e+00
 3.59748717e+00 1.60539768e-02 1.94768903e-01 2.96589815e+00
 1.19920762e+00 1.10252924e+00 1.03247582e-01 2.34075707e+00
 1.05314293e+00 1.56184759e+00 1.22443459e-01 1.93521426e+00
 1.73514094e-01 2.92525031e-01 2.56963468e+00 2.52266147e+00
 2.74864009e-01 4.62553751e+00 2.11414854e+00 6.21670514e-01
 8.85539701e-02 7.36483605e-01 2.43758311e+00 1.24053413e-01
 2.66930107e-01 1.79748143e+00 3.64324021e-01 3.14283344e-01
 6.94392014e-01 1.25940111e+00 3.43426403e-01 1.32201852e-02
 1.79426799e+00 3.95700923e-01 4.13201193e-01 6.35599195e-01
 4.67399759e+00 2.53102849e+00 2.68150878e+00 1.71905375e+00
 6.41360279e-01 1.18805709e+00 8.21884001e-01 2.29628666e-01
 2.26613622e-01 1.61084057e-01 2.73089226e+00 2.93136739e+00
 1.83936105e+00 1.54841708e+00 1.87243480e+00 4.33862890e+00
 2.21341220e-01 4.43602778e-01 3.97918102e+00 8.89707872e-01
 4.46772725e+00 1.17872478e+00 4.01960566e-01 5.52919704e+00
 4.12380247e+00 1.16238444e+00 1.58182661e-01 3.98381461e+00
 2.82824350e+00 1.47572020e-01 3.88560783e-01 1.21349926e+00
 5.88526267e-02 6.57306376e-03 4.95942349e-01 3.21142562e-01
 1.57817751e+00 4.93582787e-01 1.30002958e+00 1.37656099e+00
 1.68759473e+00 1.72381072e+00 6.53704116e-01 6.20436395e-01
 1.28866909e+00 4.03528902e-01 7.92934200e-01 5.35519940e-01
 1.77038697e+00 4.38317562e+00 2.61366925e+00 1.63793519e+00
 1.32166399e+00 9.96004153e-02 5.97218058e-01 7.80029118e-02
 1.55161713e+00 3.31898918e+00 8.04381631e-02 5.37648657e-02
 5.83481999e-01 5.42907122e-01 5.85109173e-02 9.76799577e-01
 1.69915413e+00 2.25485418e+00 1.51675740e+00 2.32646101e+00
 4.58826004e-01 4.55821772e-02 3.93070540e-01 1.66784234e+00
 7.04159040e-01 6.01002891e-01 3.41405620e-01 1.58192418e-01
 2.52742855e-01 6.91248774e-01 1.71086182e-01 8.50161311e-02
 5.12680986e-01 8.52155318e-01 3.77358309e-01 3.94519810e+00
 1.75480815e+00 5.34144740e-01 1.44508632e+00 5.21975310e-01
 2.16441422e+00 1.81252017e+00 2.73206609e+00 1.67463679e+00
 6.04833376e-03 6.88139516e-01 5.21407906e-01 7.15529500e-02
 8.40415110e-01 1.26845517e+00 4.28780847e+00 4.62013782e-01
 1.83087940e-01 2.46698192e+00 6.17513731e-01 1.29669567e-01
 1.69984664e-02 3.00232921e+00 5.02623288e-01 2.91728452e-01
 8.74000837e-01 4.42156509e-02 8.07426407e-01 9.61007260e-01
 3.17988577e-01 1.87776324e+00 3.35199931e+00 1.39772483e+00
 2.37305282e+00 2.63840452e-01 4.62449568e+00 1.08536032e+00
 4.73630541e-02 4.82043474e+00 7.00658307e-01 4.14009102e-02
 7.64878092e-01 1.93993855e+00 1.00514372e+00 4.17577842e-01
 1.21968094e+00 1.38322997e+00 2.29575455e+00 5.54491533e-01
 1.21131216e+00 3.86649583e-01 4.81875801e-01 5.97045874e-01
 1.00327627e+00 1.61044852e+00 1.65016061e+00 5.16771623e-01
 1.71720797e+00 1.05908439e+00 2.32206674e+00 8.12330243e-01
 1.19278631e+00 1.04287502e+00 2.35292776e+00 2.52345752e+00
 1.82858608e+00 1.14252975e+00 1.07305910e+00 1.71810200e-01
 2.61913100e+00 8.22373654e-01 3.51096787e+00 6.87247616e-01
 2.02254899e+00 1.63202721e-01 1.74303495e+00 6.91275098e-01
 1.47893802e-01 5.07768998e+00 6.02476259e-01 5.38151562e+00
 1.81553840e+00 1.91246788e-01 2.86998516e+00 2.90627746e+00
 9.48292551e-01 1.78796784e-01 6.70863136e-01 2.49135023e-01
 2.18264947e-01 3.15063635e+00 1.36785219e+00 1.06184003e+00
 1.74948271e+00 1.31230645e+00 1.09924758e+00 7.61340010e-02
 2.65115240e+00 1.59948456e-01 1.59799773e+00 1.34386500e+00
 4.17681274e-01 6.74004229e+00 1.44697747e+00 7.08052520e-01
 5.67006559e-01 4.14354031e-02 1.26981691e+00 3.92164307e-02
 6.38264434e-01 2.78747928e-01 2.04856138e+00 2.40305679e+00
 6.00008465e-01 1.33304603e+00 2.13786262e+00 6.59810909e-01
 4.57195430e-01 1.67120802e+00 4.45541395e+00 2.69084329e-01
 1.22220244e-01 1.54674089e-01 3.34734043e+00 9.99726573e-02
 1.59091244e+00 6.02523829e-01 3.05800986e-01 3.62798213e+00
 7.81405801e-01 2.09215963e-02 1.15394220e+00 3.41392376e+00
 2.98463278e-01 8.44338608e-02 2.20480372e+00 3.48015744e-01
 1.69205412e-01 3.19590093e-02 1.75431780e+00 3.20402538e+00
 1.55152791e+00 3.80482223e+00 2.67984742e+00 2.86074175e-02
 1.39186621e+00 5.27316710e-01 1.36330187e+00 2.17252057e+00
 1.41080500e+00 2.46245106e-01 3.40988639e+00 1.01384949e+00
 4.27414528e-01 1.78752538e-02 3.21825469e-01 2.03381034e-04
 3.84864980e-02 4.67513241e+00 1.72512168e+00 2.18317130e+00
 1.00736459e+00 1.13645257e-01 1.57328754e+00 1.32245543e-01
 1.10048699e+00 7.01706493e-01 1.07391336e-02 9.00664492e-01
 9.66977430e-01 3.26924486e+00 1.77764486e+00 9.53210884e-02
 1.36384352e+00 1.32970039e-01 2.84983156e+00 6.41643205e-01
 1.86538062e+00 6.33808015e-01 1.80213220e-01 3.04139343e-01
 1.72084386e+00 1.82428790e+00 1.58639799e+00 2.66220806e+00
 3.31194900e+00 1.68023493e+00 1.21503924e-01 8.73385443e-01
 2.27320298e+00 1.23149366e-01 3.54623646e+00 2.44826502e-02
 3.52359085e-01 6.39539481e-01 6.71676765e-01 8.37363371e-01
 1.74997016e+00 3.71951710e-01 7.80951801e-01 6.54013148e-01
 2.38305175e+00 8.79618625e-01 2.20648393e+00 1.44299363e+00
 2.79398647e+00 1.87907371e-03 1.12241480e+00 5.24963936e+00
 4.29634154e+00 1.87974906e+00 2.48792027e+00 2.33609576e+00
 2.17074614e-01 2.47599417e-02 9.73335764e-01 2.89289445e+00
 4.07650754e-01 1.90987766e-01 1.21720480e+00 7.06281893e-01
 7.26654222e-01 3.83742510e-01 5.11243191e-01 2.47406805e+00
 1.52265463e+00 2.04676539e-01 5.01670003e-01 2.27162797e-01
 5.07239401e+00 1.71098661e+00 1.28932154e+00 1.18219961e-02
 4.85976749e-01 4.29580779e-01 2.97038020e+00 7.48231371e-01
 4.83004856e-01 5.73308986e-01 1.14743897e-01 1.59988430e-01
 3.20820406e+00 6.73505464e-01 1.59663721e+00 1.23488487e+00
 1.18216523e-01 2.16922939e+00 4.73087500e+00 9.12634809e-02
 1.39233919e+00 3.29433087e-01 6.90679853e-01 2.12275628e-01
 4.96596747e+00 8.46744274e-01 2.53972722e+00 5.15118378e-01
 3.82003900e-01 4.44060682e+00 8.81019728e-01 5.04526602e-01
 1.80157773e+00 1.66843348e+00 8.09379491e-01 1.30508719e+00
 1.37575169e+00 3.83647314e-02 1.16044034e+00 1.75974513e+00
 9.20288786e-01 3.37031594e-03 2.50053907e+00 9.20368781e-01
 1.47003634e-01 5.87731144e-01 1.35585304e+00 2.44787791e+00
 3.11688955e-01 3.40153512e-01 2.31571131e-01 9.42631674e-01
 1.12928300e+00 8.09725682e-01 2.74796405e+00 1.01087370e+00
 1.02593973e+00 4.23620458e-02 4.41308917e-01 1.82361569e+00
 1.46547192e-01 3.38914733e-01 3.26345789e-01 1.55107012e+00
 3.03368467e-01 1.25264815e+00 6.67365666e-01 1.99500361e-01
 1.35509857e+00 2.83843631e+00 1.18513575e+00 6.20562138e-01
 7.39045789e-01 2.34325866e-01 1.32885381e-01 8.72522621e-01
 3.34974259e+00 5.15832686e+00 2.73545128e-01 3.92092153e-01
 3.64675593e-01 1.45292614e+00 5.52997780e-03 7.87063150e-01
 9.77583929e-01 5.80868902e-01 5.07915615e+00 1.36122949e+00
 6.47030753e+00 8.29439181e-01 2.40034955e+00 2.81058731e+00
 1.32750852e+00 1.64373569e+00 1.98382913e+00 2.05466493e+00
 1.47048295e+00 4.22329178e-01 1.51853962e+00 1.34579983e-01
 2.48887352e-01 2.48178117e+00 2.43159112e+00 6.31479172e-01
 6.00679394e-01 3.36049838e+00 1.29096262e+00 3.10958302e-01
 2.47071464e+00 7.40155537e-01 1.02428089e+00 5.67343573e-02
 3.16439473e+00 1.26785953e+00 3.41817301e+00 4.37490031e-01
 8.23807619e-01 3.75571996e-01 6.69389515e-01 1.03352999e+00
 3.11013427e+00 1.04103905e+00 1.03155448e+00 1.32129974e+00
 6.73208538e-01 1.32617547e+00 4.11712741e+00 1.56832248e+00
 1.60779946e+00 8.26176486e-01 2.94599180e+00 1.61170217e+00
 3.50022591e-02 3.38634231e+00 5.53696256e-01 9.86166572e-01
 2.21577896e+00 2.08856417e-01 1.96770819e+00 1.10679612e+00
 4.08896367e-01 1.77274341e+00 3.70652227e+00 1.64193741e+00
 2.54731419e-01 1.04485504e-01 1.17058228e+00 2.80503640e+00
 6.32444229e-01 1.55173867e+00 4.14975796e-01 1.19036754e+00
 1.25567698e-01 1.03691872e+00 7.19949926e-01 1.10389677e+00
 4.08490696e+00 4.18058239e+00 1.51598526e+00 2.60915327e-01
 4.37227867e+00 1.37866337e+00 6.41720394e-01 6.12000229e-01
 1.93104691e-01 3.38594882e+00 1.68628478e-01 1.44570805e-01
 1.48147818e+00 7.01577404e-01 7.81237135e-01 2.09134000e+00
 3.48237460e-01 3.48582647e-01 4.42270420e+00 5.04914633e+00
 1.03515964e+00 1.26872753e+00 4.16554700e-01 8.52051945e-01
 5.97611580e-01 1.30478581e+00 6.63058876e+00 6.49918358e-02
 8.37095316e-01 6.69407805e-01 1.02623805e+00 4.54846063e+00
 3.43863599e-01 1.29697829e+00 7.64828620e-01 5.59250132e-01
 4.96968609e+00 4.94196297e-02 1.54835387e+00 1.09075037e+00
 1.53531182e+00 5.59511432e-01 2.47954490e+00 6.08734571e-01
 8.89760156e-01 1.99367428e+00 4.34754097e-01 2.97685209e-02
 8.87535222e-02 3.29341327e+00 4.01872966e-01 7.78979769e-01
 1.14538909e+00 1.76142817e+00 4.71468661e+00 1.75140486e+00
 2.05276178e+00 5.85660892e-01 1.32552597e+00 1.39530874e+00
 9.80895818e-01 7.82844583e-01 5.73057677e-01 2.78326918e-01
 1.46024294e+00 9.13808050e-01 3.85242437e+00 5.36193999e-01
 6.68551020e-01 5.49352590e-01 7.62095796e-01 8.08254232e-01
 1.12159565e+00 8.24248555e-02 1.80977315e+00 2.91900831e-01
 3.01202978e-02 1.31030410e-01 1.50133910e+00 1.35565338e+00
 1.84982226e-01 7.14716609e-01 1.46718003e+00 3.91883094e-01
 1.69322704e+00 7.72426263e-01 3.51789941e+00 1.52434370e+00
 1.28072306e+00 2.34716992e+00 8.28474285e-01 3.52304504e-01
 7.20194317e-01 4.35526508e-01 6.26616758e-01 9.14273161e-02
 1.46839840e+00 2.99691506e-01 3.65722249e-01 5.46492394e-01
 6.38648951e-01 1.69794699e+00 2.56747661e+00 3.64218353e-01
 3.43742362e-01 8.56002912e-01 1.50933679e+00 2.08258317e+00
 1.38814676e-01 5.24997582e+00 4.81548114e-01 8.12485398e-01
 2.52745063e+00 1.08427987e+01 1.69025059e+00 8.80787155e-01
 1.36493781e+00 1.52238296e+00 8.44495373e-01 7.58076070e-01
 1.46584162e+00 1.39815789e+00 5.64487957e-01 4.72847428e-01
 1.14201463e+00 3.42166968e-01 1.09182702e+00 1.73667713e+00
 3.86176393e+00 1.71195645e+00 3.93271326e+00 8.06483817e-01
 2.18081808e+00 2.08626188e+00 1.50711243e+00 2.09860368e+00
 5.43668464e+00 1.01368224e+00 1.30997240e+00 7.23456009e-01
 2.14367609e+00 6.96121547e+00 2.37416678e+00 8.72357796e-01
 9.35334814e-02 1.61900424e+00 1.49708479e+00 2.37628861e+00
 4.99275736e-01 7.98992541e-01 1.37163150e+00 1.46782794e+00
 2.26473828e+00 1.04837326e-01 8.21848671e-01 8.51401564e-01
 8.97535997e-01 2.23669194e-01 2.09581817e+00 9.79828534e-01
 1.52601119e-01 8.59328777e-02 5.65318898e-01 9.10118881e+00
 1.13743339e+00 1.33320458e+00 2.23682434e+00 1.59826040e+00
 5.65480172e-01 3.95836827e+00 2.09641033e-01 7.08430691e-02
 1.89423135e+00 3.61454002e-01 1.84085419e-02 5.59276478e-01
 3.11563382e-02 1.33726939e+00 3.08754595e+00 1.19860454e-01
 8.58927401e-03 2.79626828e+00 2.07885551e-01 4.91705439e-01
 2.60113199e-01 9.12749382e-01 5.50660393e-01 8.33474384e-01
 4.20661321e-01 3.21274841e+00 8.79152551e-01 8.06615637e-01
 1.90727485e-01 1.18067793e+00 5.81982959e-01 3.73361388e-01
 2.01015207e+00 1.30952077e-01 1.28176000e+00 7.03474744e-01
 1.95752960e+00 7.62377549e-01 2.57329139e+00 1.10933276e+00
 4.19333248e-01 2.21706676e+00 9.90428064e-02 2.70139401e+00
 4.75643851e-01 5.97774278e-01 5.73228878e-01 6.68446474e-01
 7.76674777e+00 7.15350738e-01 4.25762877e-01 1.28100608e+00
 1.16240831e-01 6.51507868e-01 2.35214629e+00 1.54066225e+00
 8.94813431e-01 4.01983412e+00 2.22781999e+00 5.53858870e-01
 7.84013829e-01 4.40480214e+00 4.41974190e-01 8.08141348e-01
 2.39770836e-01 5.44709876e-02 8.65232971e-01 1.40360424e-01
 2.57829601e-02 2.95733200e+00 7.97847479e-01 4.25340901e+00
 3.77515571e-01 6.56099149e-01 1.31497881e-01 5.27495283e-01
 8.21773982e-01 3.60047275e-01 2.03761580e+00 2.19458413e+00
 5.39780443e-01 8.77643564e-01 5.69721898e-02 7.15371966e-01
 4.49333371e-01 1.12369310e-01 1.23290039e-02 8.58588071e-01
 1.47684138e+00 2.49048968e-01 8.16274113e-01 1.10549991e+00
 1.62564864e-01 4.61065284e+00 7.72951450e-01 9.53082083e-01
 3.25991190e-01 1.86430174e+00 1.05340018e+00 2.46865150e+00
 3.19065945e-01 1.24513069e+00 8.66060992e-01 5.05960697e-01
 1.42430101e-01 3.34717630e-01 1.80758810e-01 4.06663526e-01
 5.37214074e-01 1.23876072e+00 1.70401027e-01 6.44056202e+00
 4.68861815e+00 6.32282462e-01 2.86294331e+00 2.49814360e+00
 3.21901125e+00 3.02395612e-01 3.10677397e+00 2.31697050e-01
 2.47796335e-01 1.44498039e+00 1.72404392e+00 2.75151160e+00
 5.43910344e+00 1.04483801e+00 6.60432368e-01 4.14108127e-02
 7.16442979e-01 4.93849561e-01 1.60522699e+00 8.95874650e-01
 1.74180791e-01 1.37159491e-01 4.65051266e-02 2.65705056e+00
 1.41244367e+00 6.63132396e-01 1.18970771e+00 2.36721034e+00
 1.10682029e+00 1.63081217e+00 1.16395788e+00 2.18390511e+00
 4.04850194e-01 1.36291164e+00 5.25968652e+00 1.03454624e+00
 3.61070731e+00 6.48646618e-01 1.56855048e+00 8.88258222e-01
 2.68967112e+00 6.65194046e-01 1.01202051e+00 1.56096629e-01
 1.26501782e+00 1.79595338e+00 1.51719070e-01 6.51120383e+00
 3.90148854e+00 5.12960466e-01 2.42617358e+00 1.26136546e+00
 2.61560516e+00 1.65432298e+00 3.01168956e-01 4.54391301e+00
 3.55303537e+00 3.57701537e-01 5.88778921e-02 4.91507180e-02
 2.87342889e+00 1.56072123e+00 5.06252678e-01 4.69783327e-01
 3.20033888e+00 1.36029913e+00 1.94034227e+00 1.79080891e+00
 9.70253114e-01 2.12877055e+00 5.10010208e-01 1.17046182e+00
 3.55050179e+00 3.82252374e+00 1.79448977e+00 1.32824366e+00
 2.16678689e+00 2.72820484e+00 1.12045722e-01 1.43050549e+00
 9.22222195e-01 8.97564986e-01 3.75387714e-01 6.13523832e-01
 2.69076178e+00 8.10903686e-01 5.64298615e-01 1.64499937e-01]