[2.15430090e-01 1.74580685e+00 3.94986287e-02 1.10662924e+00
 1.52730846e-01 1.23311829e-01 1.40658241e+00 6.96770403e-01
 6.59973545e-01 3.05895287e+00 3.31985647e-01 1.55454136e-01
 4.66529384e-01 1.83593541e-01 9.27905921e-01 3.03055377e+00
 9.78842616e-01 7.74011461e-02 1.01125483e-02 1.75690623e+00
 6.29320255e-01 2.25963800e+00 1.03909836e+00 7.85175854e-01
 4.23961784e-01 2.96324871e-01 2.87681550e+00 1.77486960e+00
 1.54195803e+00 1.26439837e-01 1.46817331e-01 1.58722130e+00
 3.28005811e-01 1.99864720e-01 1.99755793e-01 4.52321251e-01
 7.20474588e-01 5.52306666e+00 1.70494327e+00 1.16797731e-01
 4.07452860e-02 9.28555504e-01 6.29925319e-01 5.19409931e-01
 2.16947566e+00 1.21925333e+00 1.32082845e+00 2.23088212e+00
 4.58076593e-01 1.44880005e+00 9.00375607e-01 2.92562751e-01
 2.48292536e-01 7.31240011e-01 7.94450429e-01 2.39229635e-01
 2.85525291e-01 1.64906813e+00 3.09073908e-01 3.25014457e-01
 1.26473182e+00 9.80862874e-01 4.07810209e+00 3.42885296e-01
 4.54169632e-01 3.30691006e+00 5.30860877e-01 2.14759530e-01
 2.08590600e+00 1.13744988e+00 5.35676847e-01 1.17278840e+00
 4.73653163e-02 4.82638161e-01 8.90515639e-02 2.26198373e+00
 1.36384794e+00 9.91799402e-01 6.37916648e-01 7.20243654e-01
 1.93148752e+00 7.45042659e-02 6.16490410e-02 2.41739617e-01
 7.47899143e-01 2.54806781e-01 9.72510715e-01 7.23424072e-01
 7.13029355e-01 2.07738506e-01 5.30164372e-01 2.62023276e-01
 2.02759729e+00 7.32488981e-01 1.71328500e+00 1.77272399e+00
 4.25755086e+00 2.17550588e+00 1.38157149e+00 1.30265006e+00
 1.03853307e+00 2.78827491e+00 4.42964784e-01 3.14595069e+00
 8.36572166e-01 5.32568693e-01 3.41403703e+00 1.00634448e+00
 1.09466178e-01 1.15500521e+00 3.64357875e-01 1.20063063e+00
 2.26141069e+00 1.11016826e+00 4.72369492e-01 3.91988354e-01
 1.70468466e-01 1.90677792e+00 4.88672260e-01 1.41935948e-01
 1.63591080e-01 9.97229104e-01 1.12884903e-01 2.32520734e+00
 3.94245663e-01 2.36763213e+00 8.75204198e-01 3.13973218e-01
 3.66016276e-02 7.36836905e-02 2.25967205e+00 1.09214773e+00
 1.57720504e+00 8.31994611e-02 6.37171021e-01 6.24944560e-01
 1.01218527e+00 8.18663970e-02 5.80091707e-02 6.37164087e-01
 7.36837182e-02 8.98305900e-02 6.80948177e-03 1.03682756e+00
 3.19664160e-01 9.81329679e-01 2.12499053e+00 6.85805329e-01
 2.73111861e-01 1.83871316e+00 1.15766968e+00 5.73739946e-01
 7.21955781e-01 1.64805511e+00 1.78665747e-01 1.77682102e-02
 9.72441639e-01 3.32624958e-01 3.35097841e-01 2.67007147e-01
 1.13919497e+00 2.08634721e+00 1.48663962e-02 1.22584514e+00
 5.76004836e-01 9.76972201e-01 5.36196572e-01 3.20501753e-01
 7.08908002e-01 7.25384086e-02 1.31627742e+00 9.99918630e-01
 5.96413176e-02 3.71427413e-01 4.27722477e-01 1.84099322e+00
 4.65068065e+00 1.56551487e+00 1.47765506e+00 3.98445070e-01
 4.00000672e-01 3.09085927e-01 3.37985140e-01 1.65740081e+00
 2.07127928e-01 3.15550571e-01 3.94071228e-01 2.47919802e-01
 7.85294412e-01 2.41138768e-01 2.28397501e+00 8.35442906e-01
 4.24557294e-01 1.42754564e+00 9.67950910e-01 3.00808741e-01
 9.67530076e-01 7.31570478e-01 1.36109121e-03 2.09742053e+00
 1.08925103e+00 1.28214807e+00 2.67756689e-01 7.05060881e-01
 2.08155838e+00 1.39404353e+00 1.42573855e+00 9.82748015e-02
 6.36610577e-01 8.30939036e-02 3.97944712e+00 9.02441221e-01
 1.89987787e-01 7.07636802e-01 5.99316495e-01 2.58681496e+00
 2.92507186e+00 1.49089581e+00 7.91994301e-01 2.68318850e+00
 8.09996680e-01 2.69720285e+00 1.37791424e+00 9.18771720e-01
 6.79467345e-02 6.52077454e-01 5.82095250e-01 2.64332438e-01
 4.61292918e-01 2.56657826e-01 3.37256969e-01 1.71124679e+00
 2.07746944e+00 1.03077854e+00 3.30020079e-01 7.78575573e-01
 1.57289587e+00 1.17892943e-01 6.83915423e-01 3.56417511e-01
 3.45389515e-01 1.01864733e+00 1.37522372e+00 1.19032118e+00
 1.77516558e+00 6.32462985e-01 2.26658913e+00 1.16642152e-01
 7.77568373e-01 4.30990793e-02 2.50296281e+00 1.16223037e+00
 1.94269378e+00 4.02123317e+00 4.21535935e-02 9.49426919e-01
 7.06739360e-01 4.13119444e-01 1.94519027e+00 8.25392244e-01
 1.64804017e+00 2.24154422e-01 1.57057370e+00 7.54084317e-01
 9.85722436e-01 1.12500497e+00 9.50829442e-01 3.28849787e-01
 5.74526758e-01 1.36075819e-01 5.15998796e-02 9.53609414e-01
 1.29212203e+00 2.83346134e+00 3.23825170e+00 1.21516987e+00
 6.43636135e-02 1.21419956e+00 9.79972218e-01 2.21404750e-01
 8.17383179e-02 1.65923907e+00 2.27275692e+00 5.10496849e-01
 7.08669869e-01 1.16817664e+00 2.48964846e+00 1.37925290e+00
 5.57112927e-01 1.78162733e+00 2.75837827e+00 1.19196928e+00
 3.90743388e-01 1.11311580e-01 2.09359144e-01 7.80939173e-01
 8.05936847e-03 2.47481056e-01 6.18594555e-01 8.81567321e-01
 4.01710856e-02 8.76960418e-01 8.01584774e-01 5.09642340e-01
 8.96671698e-01 8.42091803e-03 7.22052736e-01 1.08378524e+00
 6.38726222e-02 2.02675604e-01 9.12798109e-01 1.05895195e+00
 5.89362289e-01 2.01318300e+00 2.69238448e+00 6.55840646e-01
 1.16028245e+00 5.91707944e-01 1.07825353e+00 6.36627157e-01
 9.18048159e-01 3.19302052e+00 2.47193848e+00 4.88181119e-01
 1.18181262e+00 7.52016957e-01 1.94257800e-01 1.26072139e-01
 9.51249903e-01 9.89392508e-01 4.63333173e-01 3.41981201e+00
 1.36044152e-01 3.51735697e-01 1.70471892e+00 2.30473080e+00
 1.89692668e-01 1.24545162e-01 2.16337717e+00 4.77277499e-02
 1.36998310e+00 3.88945630e-02 2.98103884e-02 3.97116517e-02
 1.79714009e-01 5.70333401e-01 5.71684421e-01 7.73593196e-01
 6.82190520e-01 5.13311463e-02 1.24950740e+00 5.33304340e-01
 1.71785716e+00 1.15942164e+00 1.53611620e+00 8.55868588e-02
 3.30218031e-01 1.23438824e-01 4.80229124e-01 6.40689095e-01
 1.43725573e-01 2.72347961e+00 2.98067015e-01 6.69711094e-01
 1.75800104e+00 2.81569062e+00 1.58840548e+00 9.20070300e-01
 2.00642741e+00 1.52609114e+00 8.20080534e-01 9.85218591e-01
 1.53255205e+00 5.66437731e-01 1.88719364e+00 5.56784505e-01
 3.73481251e-01 1.12747302e+00 6.72037702e-01 1.95204929e+00
 4.29093437e-01 8.83578377e-01 1.79773544e-01 7.19007641e-01
 3.95671748e-01 9.07506521e-01 4.52994962e-01 6.38491195e+00
 1.05051259e-01 6.70324905e-01 4.21631114e-01 1.18042424e-01
 6.46743171e-01 5.97296752e-01 2.20971983e+00 3.55286613e-02
 1.85059393e-01 1.31459686e+00 9.05946514e-01 3.74535438e-01
 2.59604693e+00 7.12950781e-02 2.02439548e+00 5.95608366e-02
 1.27421933e-01 8.11660901e-01 8.42012993e-01 1.05052837e-01
 6.76708766e-01 1.44405991e+00 3.07143992e-02 1.43447074e+00
 7.81536623e-01 1.44532671e-01 1.41931040e+00 4.90631134e-01
 8.53334415e-01 2.92745459e+00 1.24862103e+00 2.78218273e-01
 1.08147197e-02 2.20492346e+00 1.74376362e+00 1.91362625e-01
 4.83798891e-01 5.05597460e-02 9.34454509e-01 5.28564922e+00
 2.31665975e+00 1.43715782e-01 3.42831817e-01 4.19307081e-01
 4.90051223e-01 4.67351191e-01 4.84269243e-02 1.80306905e-01
 9.43608451e-01 1.46035258e+00 4.83139761e-01 1.09247994e+00
 6.02945998e-02 2.08842480e-02 6.07695632e-01 4.47568318e-01
 1.12568747e+00 2.70836792e+00 2.08816528e+00 2.38522228e-01
 1.83304981e+00 1.55718294e-01 3.12098074e-01 1.90539672e+00
 1.77485272e-01 6.61606872e-01 1.21016977e+00 4.08948017e-01
 4.90836616e+00 1.02786259e-01 1.20409587e+00 1.13161835e+00
 3.83057301e-01 8.18391692e-01 1.75602557e+00 2.22411870e-01
 9.77478792e-01 2.38189788e-01 1.73841449e+00 1.91794266e-01
 1.01913550e+00 1.42876431e+00 1.45782587e+00 3.59719015e-01
 2.14668738e-01 5.42764699e-01 1.48209786e+00 1.33045426e+00
 8.83936600e-02 1.53678730e-01 1.94735444e-01 1.35656132e+00
 6.83212164e-01 7.06483098e+00 2.33005388e+00 9.85171855e-02
 3.40335108e-02 2.54206387e+00 2.00778440e-01 7.04254597e-01
 8.60003768e-01 3.42455360e-01 3.83252641e-01 1.61654975e+00
 6.15984223e-01 8.50262331e-01 2.53568093e+00 4.64273651e-02
 2.16704425e-01 1.84047246e+00 6.82505405e-01 1.11649338e+00
 1.22931561e+00 9.21189839e-01 6.66831569e-01 4.72540160e-01
 2.19017435e+00 1.00678446e+00 1.28305905e+00 6.62466065e-01
 2.43845571e+00 7.03737915e-01 3.58162507e+00 1.37790594e+00
 3.05295108e-01 8.00392685e-01 1.35255686e-01 3.15097003e+00
 6.11819919e-02 1.22605150e+00 3.91753936e-01 7.74595557e-01
 4.37099230e-01 6.46338958e-01 8.03048373e-01 8.48199609e-02
 1.43603226e+00 1.11961527e+00 5.17348605e-01 6.33583276e-01
 4.33699409e+00 1.22984710e+00 1.53315629e-01 2.07460867e+00
 2.18950431e+00 8.03821342e+00 1.08781542e+00 1.48205295e+00
 2.16872376e+00 4.84003182e-01 1.03977208e+00 1.79931259e-01
 9.60140152e-01 4.52286342e-01 3.86377197e-01 5.78503073e-01
 1.85760523e+00 8.71350224e-01 2.21815104e-01 4.84864533e-02
 4.88334359e-01 8.37913717e-01 5.32670774e-01 8.23113720e-01
 5.97106748e-01 5.35490962e-01 1.66803633e+00 4.00435532e+00
 3.69404425e+00 1.00219929e-01 6.82754282e-01 3.68735629e+00
 9.54426047e-01 2.15146382e+00 2.09609011e-01 4.15975150e-01
 2.47341050e+00 9.93709385e-01 1.96475925e-01 4.69957624e-01
 1.95809102e+00 3.24593394e+00 2.29798464e+00 3.64008101e-01
 7.84293530e-01 1.03823018e-01 5.24581084e+00 4.91252355e-01
 5.79672944e-01 1.59939871e-01 1.43796065e-01 4.90901796e-01
 5.75287031e-01 6.85689217e-01 1.43450765e-03 6.76890541e-01
 5.09485438e-01 3.11069797e-01 8.90375856e-01 3.01089636e-01
 4.74138886e-01 4.97195885e-01 1.44511477e+00 7.52849700e-01
 6.17460545e-01 1.20469230e-01 4.60651208e-01 4.60086165e-01
 3.08449811e-01 1.57719212e+00 4.80783569e-01 6.04174307e-01
 3.00505805e-02 1.48585860e+00 2.38187277e+00 1.89277846e+00
 8.57431145e-01 2.00278192e+00 4.85330715e-01 2.36253296e-01
 1.32743975e+00 1.23548576e+00 2.14557750e-01 1.87374159e-01
 1.03511048e+00 3.85088756e-01 1.45737058e-01 1.03326233e-01
 6.64333093e-02 6.52558834e-01 1.55663622e+00 1.77873591e+00
 1.30509017e+00 1.56212836e-02 5.87275445e-02 6.27671862e-01
 5.18686918e-01 1.90131547e+00 3.52464365e-01 2.93010559e-01
 6.51013825e-01 5.55677602e+00 5.64071233e-01 1.15882189e+00
 3.88377800e-01 1.39183711e+00 4.98865424e+00 1.54777969e-01
 1.75899439e+00 2.22009403e+00 2.58154450e+00 5.83701294e-01
 4.58574944e-01 1.25006302e-01 1.09149113e-02 2.63595117e-01
 1.85792317e-01 2.17231710e+00 2.45319013e-01 7.62451348e-01
 8.71323760e-02 1.81190854e-01 1.02780816e+00 9.91502512e-01
 8.33445471e-01 2.87815853e-01 5.93321742e-01 9.33143745e-01
 2.18979035e+00 2.16385435e-01 5.25013385e-01 1.12393119e+00
 1.03363309e-01 4.42302094e-01 6.35170631e-01 3.27948283e-01
 2.07990793e+00 5.81332767e-01 1.95323737e+00 7.98679843e-02
 6.16058069e-01 1.82258499e+00 1.40375199e+00 2.13905810e+00
 7.88627449e+00 5.82082949e+00 7.32500416e-01 1.31751679e+00
 1.91962609e-01 2.97574126e+00 1.83322374e+00 1.30525897e+00
 9.79162605e-03 8.16096018e-01 1.03449740e+00 2.18648456e+00
 5.92626856e-01 1.36976584e+00 4.62236659e-02 4.38169190e-01
 7.23903966e-01 2.23490095e+00 9.97919623e-01 4.41641866e-01
 3.99602003e-02 2.57614184e+00 1.69114186e+00 8.17747938e-01
 6.72113653e-01 1.13497556e+00 1.07947821e+00 2.62625875e+00
 2.85095311e+00 4.76658258e+00 2.43248599e-02 1.49923174e-01
 5.82974050e-01 8.67270721e-01 1.57687621e+00 2.17796595e+00
 2.29710631e-01 2.43865969e-01 1.30147742e+00 3.43205313e-01
 9.65964565e-01 2.02310291e+00 2.88479560e-03 1.21963093e+00
 1.01394900e+00 1.19051760e+00 2.52581603e+00 1.98065664e+00
 1.12859638e+00 9.08687953e-01 1.40344944e+00 7.19887891e-02
 1.61459773e+00 1.81430322e+00 1.45560166e-01 1.51059096e+00
 1.49690293e-01 9.64069747e-01 2.57802797e-02 5.93147753e-01
 1.28919998e+00 1.73312482e+00 9.32870174e-01 4.52675306e-01
 1.31859811e+00 6.18431369e-01 6.65240244e-02 4.12323860e-01
 2.13348007e-02 7.03336504e-01 5.83317396e+00 1.11873359e+00
 7.44809417e-02 1.26090488e+00 7.39756358e-01 1.66996340e-01
 1.71112906e+00 6.38292000e-01 6.25296271e-01 1.45949395e+00
 9.12877303e-01 1.98991932e+00 1.61886672e+00 5.30015326e-01
 7.33548644e-01 1.28418237e+00 7.43605510e-01 6.43241738e-01
 3.58580177e-01 2.54936818e-01 2.42519856e-01 5.21394546e-01
 1.85737107e+00 4.18172534e-01 3.20556017e+00 4.78654577e-01
 6.13525312e-01 1.23611223e+00 1.20224016e+00 1.30032844e+00
 1.13281230e-01 7.51772409e-01 1.37431913e-01 5.51095303e-01
 2.88670078e-02 5.17126791e-01 5.31947849e-01 6.93421703e-01
 1.91869832e+00 1.77585928e+00 4.26788789e-01 1.53980830e+00
 1.26332344e+00 3.23491611e-01 9.59973371e-01 1.48590153e-01
 1.32675275e-01 1.54128218e+00 3.16443555e+00 1.56622772e-01
 7.59881471e-01 9.83234713e-01 1.24981265e+00 4.80710363e-01
 3.47032717e-01 1.70389587e-01 4.76378501e-01 1.13587703e-02
 7.58595920e-01 7.44077951e-02 3.65268504e-01 2.33360474e+00
 1.57967757e-01 8.05328220e-01 3.17014432e+00 5.48966114e-01
 2.15830939e-01 1.67114610e+00 3.09111208e-01 8.03194878e-01
 1.24928018e+00 2.92683862e-01 1.47391647e+00 2.67702338e-02
 8.95894398e-01 9.75182805e-01 2.57777892e-01 7.06990820e-02
 4.38253955e-01 3.08373172e+00 7.48434763e-01 1.96560503e+00
 1.97705650e-01 1.28736576e+00 2.41199935e-01 3.66559905e+00
 3.60046016e-01 1.02861590e+00 5.37400269e-01 3.38750257e-01
 6.86948754e-01 1.04022321e+00 1.53852276e+00 1.49192364e-01
 2.29793700e+00 1.62172786e+00 7.71867302e-01 1.24877838e+00
 7.54340993e-01 4.45215365e-01 2.57710843e+00 1.85557391e-01
 3.58494161e+00 3.71644016e+00 4.61826196e-01 2.08419636e-01
 1.04349575e-01 1.75771089e+00 2.58033167e+00 8.44437704e-01
 1.36490071e+00 7.63576786e-01 7.94458296e-01 1.31486708e+00
 5.03913078e+00 5.65591298e+00 1.06910797e+00 2.17855037e+00
 2.46504386e+00 2.81038405e-01 2.91673910e+00 1.00438223e+00
 3.45209343e+00 1.55759247e+00 3.45138932e-01 3.14697624e+00
 1.01098088e-02 1.75153096e+00 3.28733902e-01 3.73721526e-02
 5.04529539e+00 3.64006473e+00 1.04991541e+00 4.67242609e+00
 1.72955075e+00 1.64830463e+00 6.37350123e-01 5.17849486e-01
 6.75222371e-01 5.79578122e-02 1.14617357e-04 1.24883209e+00
 1.08290768e+00 1.19457292e-01 2.37140267e-02 9.33582998e-01
 4.89872129e-01 9.41590239e-01 1.30971844e+00 2.58818209e-01
 8.49165684e-01 1.31386204e+00 1.98929059e-01 5.80107576e-02
 1.50662689e-01 6.21691805e-01 6.67957685e-01 2.88375461e+00
 7.22105895e-01 3.63175779e-01 4.72884495e-01 1.31000409e+00
 1.16745070e+00 1.10084408e+00 1.42982785e+00 2.35485619e-01
 1.35676689e+00 2.68896112e+00 8.75161342e-02 1.20531156e-01
 5.84258096e-01 1.61006254e+00 5.13647787e-01 4.37687589e-01
 2.97807784e-01 5.37301037e-01 5.77623446e-02 7.46706974e-02
 1.53366094e-01 2.31763450e-01 1.59950352e+00 6.78364753e-02
 8.84148717e-01 9.50228758e-02 2.32244161e+00 1.29326427e+00
 2.66654882e+00 1.39121141e+00 4.30554713e-01 9.92890026e-01
 1.33641616e+00 1.36077422e+00 4.69866913e+00 7.89028294e-01
 1.77525480e+00 2.25940728e+00 1.61352726e+00 3.39067125e-01
 5.27812834e-01 4.94873294e-01 1.71079873e-01 2.83848205e+00
 1.20251244e+00 1.47493390e+00 8.64095818e-01 6.25927631e-01
 5.81881528e-01 9.70071814e-01 6.93899601e-01 9.12061794e-01
 4.58989267e-01 4.01872370e-01 1.32756358e+00 1.41025061e-01
 4.22881635e-02 1.50235887e-01 2.02510962e+00 4.98428889e-01
 2.53716236e+00 2.06392787e+00 7.35554029e-01 8.53470868e-02
 1.98771770e+00 1.23975321e+00 9.80136261e-02 1.27199111e+00
 3.24961544e+00 5.09491442e+00 2.82215462e-01 5.65255422e-01
 1.25604430e+00 1.39876209e-01 1.42543450e-01 1.07190272e+00
 1.09809796e-01 1.96570662e+00 2.42346443e+00 1.11801239e+00
 2.54293200e-01 6.10951081e-01 1.64966748e-01 2.95945366e-01
 1.29755404e+00 6.84277126e-01 2.75879801e+00 1.20045234e+00
 1.64287994e+00 2.41768907e+00 5.31277802e-01 1.81322426e+00
 1.77720785e-01 4.88534316e-01 5.92470716e-01 4.99478720e-02
 6.44444414e-01 9.21732782e-01 5.90573737e-01 1.20747200e-01]