[7.60024411e-01 6.19273880e-01 1.15876555e+00 3.64672991e-01
 6.98667999e-01 4.18388636e-01 2.72649871e-01 1.62416767e-01
 5.16045680e-01 5.86357459e-02 2.06070984e+00 4.31700360e-01
 3.77547074e-01 2.42493260e+00 8.57954001e-01 1.46772102e-01
 7.30592426e+00 9.84751282e-02 4.90721813e-02 2.91696786e-01
 4.48565144e+00 1.68002146e-02 7.14381995e-01 1.75983794e-01
 3.03732104e+00 1.06929704e+00 2.59107210e-01 4.79744620e-01
 6.79430430e-01 2.03478762e+00 1.77753581e-01 1.94258983e-01
 6.03571043e-01 5.02505436e-02 2.00600277e-02 2.99329970e-01
 1.01403540e-01 9.64978946e-01 7.82064688e-01 1.81385707e-01
 1.61714374e-01 9.06558315e-01 2.06396885e-01 8.03113386e-01
 9.19174776e-01 3.81560219e-01 1.42834742e-02 3.08892103e+00
 6.23684895e-01 2.56132918e-01 2.52382745e+00 7.87488448e-01
 6.22030651e-01 1.54067240e+00 7.73173735e-01 6.41955298e-01
 8.10921874e-01 6.53589838e-01 2.78031880e-01 3.02544148e+00
 9.70249447e-01 8.55614519e-01 8.97519580e-01 4.44989030e-01
 1.42346266e+00 1.65680554e-01 1.40288148e+00 5.42466672e-01
 4.27159990e+00 2.91228096e-01 8.61506144e-01 5.16413452e-01
 4.36660714e-01 6.41391322e-01 2.05973152e+00 2.06820535e-01
 1.43104180e+00 1.42581306e+00 1.92476651e-01 5.18634760e-01
 5.68325106e-01 1.27846078e+00 3.42806619e+00 2.34496731e-01
 5.14656247e-02 1.99731485e-01 4.04810395e-01 1.56629993e-01
 2.14498529e+00 8.38679928e-02 7.81758750e-01 1.04501573e+00
 1.02393586e+00 6.50983412e-01 4.40805522e+00 2.18630351e+00
 1.19209914e+00 1.32522892e+00 2.52515570e+00 2.15650634e+00
 2.39489349e-02 2.27615913e+00 1.88640691e+00 1.35849714e-01
 3.30804054e-01 9.28371769e-01 4.58922419e-01 4.39868889e-01
 7.36888555e-01 1.54108867e+00 2.74678342e-01 8.08537453e-02
 1.27777606e+00 2.73042812e-01 3.12541922e-01 4.62117238e+00
 1.93043006e-01 7.87820101e-02 8.45159236e-01 9.12236525e-01
 1.58845751e-02 3.62640467e-01 1.43406373e-01 3.90609728e+00
 1.84819473e+00 1.11533234e+00 9.83006337e-01 1.30580836e+00
 2.04319759e+00 2.54498476e+00 5.79523265e-02 1.78971550e-01
 1.33765551e+00 2.96642401e+00 2.86521684e+00 4.93717877e-02
 2.49813838e+00 4.25173723e-01 4.24843621e+00 8.47119237e-01
 7.74481565e-01 3.36445454e-01 5.18174482e-01 4.63763855e-02
 2.96439080e-01 1.03208331e+00 1.51768581e+00 1.63667014e+00
 7.57683653e-01 2.01742435e+00 1.04617031e+00 2.89556333e-01
 9.03140265e-01 1.46963865e+00 8.18879184e-02 1.30615076e-01
 1.86423800e+00 1.27497810e+00 2.75853282e+00 2.79561203e-01
 3.23787725e-01 9.01320148e-01 3.07519531e+00 7.40389136e+00
 1.80847216e+00 1.91145142e+00 9.84486006e-03 4.98571594e-01
 2.55737762e+00 1.10684783e+00 8.22312267e-01 1.10018817e+00
 4.44302115e-01 5.57392639e-01 3.04745071e-01 1.95696063e+00
 2.47109572e-01 5.46368759e-02 2.64429829e+00 3.49372267e+00
 1.40949583e+00 1.66083810e+00 2.35297045e+00 1.05393959e-01
 8.36125597e-01 1.77478991e+00 1.20734116e-01 1.30336063e+00
 1.14206070e+00 1.52860884e+00 1.88103481e+00 1.11440902e+00
 3.49533100e-01 8.47102716e-01 8.56261288e-01 2.58216853e-01
 1.06218555e+00 1.27060884e+00 7.76100146e-01 1.34801585e+00
 1.11057642e+00 2.31394767e+00 5.29654868e-01 3.25541030e-01
 1.92400324e+00 2.28092055e+00 1.73370769e+00 1.00152601e-01
 5.40917242e-01 7.24864179e-01 1.14206706e-02 1.14690986e+00
 1.10878772e+00 4.72505978e+00 2.24573433e+00 1.22754047e-01
 4.18003088e-01 2.87841493e+00 1.13540401e+00 1.37199842e-01
 3.03016412e+00 3.51346032e+00 1.27903611e+00 1.97453277e+00
 1.57436393e+00 6.59106725e-02 5.78579405e+00 6.30472316e-01
 4.50129390e-01 2.12489305e-01 2.45468407e+00 5.52588303e-01
 2.32327379e+00 1.16781583e+00 6.77590722e-01 4.32937673e-01
 1.44300039e-01 2.16784075e+00 3.41937302e+00 2.43407146e+00
 5.01813099e-01 7.99425217e-01 1.85802618e+00 7.55834244e-01
 3.62389688e-01 2.98634671e+00 8.77210707e-01 5.54374039e-01
 4.42196715e-01 3.12290013e-01 7.28054934e-01 2.28433771e-03
 2.64367631e+00 8.86163381e-01 8.13977858e-01 2.82072487e+00
 8.48706276e-02 1.13169855e+00 9.01733223e-01 4.09130669e-01
 2.00858228e+00 2.39133784e+00 1.22916812e+00 8.05293983e-02
 1.24183927e+00 2.64476164e+00 5.63127360e-01 4.78044391e-01
 7.36895503e-01 4.10505601e+00 3.32383748e-01 4.65483627e-01
 8.08167246e-01 5.46934454e-01 2.40368625e-01 4.30638669e-01
 2.30863588e+00 3.81704285e+00 3.28827585e-01 6.07993619e+00
 3.34715766e-01 7.13427123e-01 3.14619643e-01 2.27183023e+00
 3.11351302e+00 2.72805731e-01 2.84982236e+00 2.04237542e+00
 5.44379514e-01 1.78087696e-01 2.95342386e-01 6.86258267e-01
 2.35057940e+00 3.92304880e-01 1.06511099e+00 2.88258469e-01
 9.97295468e-01 1.74106353e+00 5.99909076e-01 9.26679119e-01
 5.01708466e-01 8.49714300e-01 8.18584970e-02 7.67041297e-01
 2.06251416e-01 2.01274232e+00 1.84902456e-01 6.29135273e-01
 1.38812048e+00 5.31416136e-01 1.24417143e+00 2.14536244e-01
 3.01295634e-01 2.74776201e+00 1.31719028e-01 6.67176225e-01
 2.92749437e+00 3.18067523e+00 1.19851524e+00 4.82472754e-01
 3.87792783e-02 8.50890165e-01 5.98554911e-02 1.91502340e+00
 5.63780539e-01 7.47000411e-01 8.49806746e-01 3.26046038e-01
 1.19304629e+00 7.79359458e-01 7.03095948e-02 1.70653898e+00
 2.34536924e-01 1.50185155e-02 8.62434509e-01 3.84112499e+00
 1.18313921e-01 4.43434371e-01 5.22475331e-01 9.62882168e-01
 8.50769497e-02 1.05607803e+00 2.44813176e+00 2.36755894e+00
 9.36284494e-01 5.82650263e-02 9.19186630e-01 3.13779538e+00
 2.37560516e-01 1.30176234e+00 1.76040192e+00 3.36677162e-01
 2.51458344e-01 1.58206517e-01 2.18403613e-01 2.43527216e-01
 1.42729726e-01 1.64509935e-01 6.79732301e-01 2.63768714e-02
 3.72102410e-01 9.84397307e-01 2.51639280e-01 6.36824460e-01
 2.31083240e-01 2.10351528e-01 1.57278592e+00 3.13510307e-01
 3.61504368e-01 1.86974627e+00 8.59299529e-01 9.82364598e-01
 5.46134603e-01 2.03323982e-02 1.34232810e+00 4.66057766e-01
 1.18596162e+00 6.48099491e-01 8.67690310e-01 4.12336269e-01
 3.58932228e-01 6.84448378e-01 8.25046104e-01 3.16180995e-01
 1.72394581e+00 7.51939775e+00 2.69784877e+00 1.79195777e+00
 4.31380496e-01 1.30520421e+00 7.69757939e-01 1.21142771e+00
 6.24076650e+00 3.13849890e+00 3.14878681e-01 2.16420445e-01
 6.89694543e-01 1.43034716e-01 1.62988953e+00 1.41387828e+00
 6.85363963e-02 2.13828132e+00 5.54112952e+00 4.46544243e-01
 3.31204621e-01 2.46894527e+00 1.11106279e+00 1.17858677e+00
 1.10633338e+00 9.85706963e-02 2.57142509e-01 7.22468720e-01
 1.38804562e+00 1.56477334e-01 2.29949920e+00 7.30195236e-02
 5.28279420e-02 1.82866065e+00 4.07920611e-01 1.54662214e+00
 1.07645429e+00 4.00254082e-01 2.84926925e+00 1.04989913e-01
 2.46443030e+00 7.82245296e-01 6.59079991e-01 1.62420847e+00
 5.03992182e+00 2.06718658e+00 3.32463677e-01 8.63186947e-01
 2.32261678e+00 1.44361887e+00 2.75563399e-01 2.12955480e-01
 2.79402844e+00 2.80597892e+00 1.00680217e+00 5.42097980e-01
 2.15138338e-01 1.16350719e+00 2.01891110e-01 5.80139715e-01
 9.72151015e-02 3.94311499e+00 5.60983987e-01 7.05093393e-01
 2.17847091e+00 3.59644982e-01 1.23443194e+00 7.26832412e-01
 3.30876589e-01 2.61148072e-01 8.88241157e-01 6.99565992e-01
 9.18178499e-01 6.07509156e-01 5.21356646e-01 6.33809092e-01
 8.38211676e-02 1.25833489e+00 8.39869371e-01 6.84685410e-01
 2.74430834e-01 8.92306878e-01 5.78403569e-01 1.92651118e+00
 2.13050906e+00 4.79427846e-01 1.11639179e+00 1.02354732e-01
 2.99711491e-01 1.71685982e-02 4.01155080e+00 1.95556740e-01
 9.26801768e-01 8.15532102e-02 8.43874461e-01 2.43514711e+00
 1.83975388e+00 2.52665628e-02 1.78788000e-01 4.09011851e-01
 1.97688716e-01 1.47285121e+00 1.04749717e+00 9.87792239e-01
 8.16686925e-01 3.90126934e-01 1.29838471e-01 8.81008384e-01
 3.07056384e-01 4.97160156e+00 1.98784742e+00 5.43021828e-01
 7.67676146e-01 7.73347610e-01 1.26125471e-01 1.70247240e-01
 7.96348477e-01 1.03739590e+00 3.60329204e-01 3.54288060e-01
 1.42503073e+00 3.84488551e-01 1.75918310e-02 9.95083995e-01
 2.60675262e+00 8.06011770e-02 1.41972754e+00 1.04435644e+00
 1.43840597e+00 4.00457521e-01 1.56434601e-01 8.12736714e-01
 7.67694235e-01 1.06293863e-01 1.80591509e-01 1.14869287e-01
 5.25653120e-01 3.81075522e-01 2.73107336e+00 1.50560576e+00
 6.06092873e-01 6.09111813e-01 1.28862071e+00 8.09070384e-01
 1.07583140e+00 3.32031566e-01 7.31215093e-01 1.67636415e-01
 6.94275074e-02 5.52786341e-01 6.65400245e-02 1.77450208e-01
 1.10372330e-01 6.32504847e-01 3.08084820e+00 4.64449773e-02
 2.36988861e-01 1.80118898e+00 1.31887343e+00 2.58886989e+00
 2.40062740e+00 7.78069864e-01 1.83208187e+00 3.70261078e-01
 2.06914143e-01 5.70217668e-01 3.01289295e-01 5.18606176e-01
 5.21887546e-01 1.29456700e-01 9.64137788e-01 3.46606773e-01
 1.26742406e+00 1.34263943e-01 6.69133023e-01 1.51214451e+00
 2.44885835e+00 6.82727712e-01 2.24643182e-01 3.10013326e-01
 4.90837501e-01 3.20265537e+00 3.37383830e-01 1.99818567e+00
 1.78677071e+00 5.65885629e-01 1.24024636e+00 1.16803709e+00
 6.64872652e-01 2.51163546e-01 4.04454143e-01 1.59713922e+00
 2.19422385e-02 3.44564214e+00 1.27732042e+00 1.85588189e-01
 1.98564682e-01 1.82908727e-01 1.28772145e+00 2.68362619e+00
 6.02791197e-01 2.21038325e+00 8.53224783e-01 2.68045590e-01
 3.29838679e+00 1.24932867e+00 8.66886603e-01 1.59298726e+00
 5.34225965e-01 5.12692655e+00 2.31741315e-01 1.79047361e-01
 3.35741181e-01 8.46705020e-01 2.92725332e+00 3.35668719e-01
 1.87372286e-01 1.20775326e+00 9.68513170e-01 1.93210022e+00
 3.85306191e-02 7.94596164e-01 9.44054930e-01 2.38747135e+00
 5.45689910e-01 1.57906094e+00 7.81092772e-02 2.75750588e-01
 6.75212485e-02 1.33538790e-01 1.22075563e+00 4.28152066e+00
 4.19920617e-01 3.33493526e+00 7.48218783e-01 2.80003850e+00
 1.72602626e-01 7.35189522e-01 9.72221751e-01 3.03421993e-01
 7.58084928e-01 5.77855035e+00 2.90511754e+00 6.78980944e-01
 1.14927726e+00 3.30135565e+00 1.94989839e-01 4.32935650e-01
 4.20956840e-01 9.86040636e-01 1.05907720e+00 5.26867243e-01
 1.05533839e+00 1.80302315e+00 9.31056838e-01 1.20340812e+00
 1.81641218e-02 4.55257245e-01 3.30383384e-01 3.69163092e-01
 4.10589265e-01 1.66644544e+00 1.17505148e+00 3.54487200e-01
 1.06537601e+00 3.34169470e-01 1.72401463e+00 7.01313297e-01
 2.23797514e+00 2.27537984e-02 1.50293556e+00 2.40373822e-01
 1.60902206e+00 5.77346013e-03 2.14681092e+00 3.18204801e-01
 1.33453786e+00 1.25335880e+00 6.90466915e-01 9.44646415e-01
 1.02785683e+00 5.94319876e-02 1.15488692e+00 2.90577517e-02
 2.11721244e+00 2.44937112e-01 8.31209389e-01 9.27389928e-01
 1.80697559e+00 8.74453523e-01 3.28233237e+00 1.64948328e+00
 1.62982652e+00 2.57366221e-01 9.80111151e-01 1.11903073e+00
 7.17249606e-01 1.66318147e+00 7.03018663e-01 1.86662033e+00
 1.52465370e+00 7.85237569e-01 2.27742026e-01 3.84276761e-01
 5.34259004e-01 1.51673339e-01 1.76806860e+00 3.84029205e-01
 3.06272702e-01 1.76290986e+00 8.77649963e-01 7.67076452e-01
 8.63463302e-02 4.78155209e-01 2.40026085e-01 6.02992953e-01
 6.64168067e-01 1.24740522e-01 9.48958170e-01 3.80024598e+00
 1.91287930e+00 1.28550896e+00 1.01708768e-01 1.66037836e+00
 8.03607276e-01 7.54635522e-01 4.82205138e-02 1.10974080e+00
 2.84176479e+00 2.19906169e+00 1.10263298e+00 4.31127415e+00
 2.01798785e+00 1.90954770e+00 4.99383746e-01 9.05145496e-01
 1.64492496e-01 9.67105972e-01 1.41015156e-01 1.01177247e+00
 8.71042268e-01 1.67781926e+00 3.82854031e-01 1.43527079e+00
 4.37069828e+00 2.67699918e-01 4.88346508e+00 1.11106098e-01
 7.93420210e-01 3.29826264e-01 2.58802280e-01 4.28491030e-04
 4.64696241e-01 1.47658362e+00 2.13692743e+00 8.09286984e-02
 1.34320553e-01 4.76296507e-01 2.46584287e+00 9.52141773e-02
 3.58891501e+00 1.00886168e+00 1.94915840e+00 3.82331316e-01
 9.50038535e-01 7.69748488e-02 3.70147040e-01 2.15504672e-01
 8.47040509e-01 1.65125156e+00 1.88025743e+00 5.60051737e-02
 4.74995546e-01 2.19105480e+00 7.40333778e-01 4.49999573e-01
 1.43009475e+00 1.47940513e-01 5.25051754e-01 9.36835732e-01
 4.26848001e-01 1.92022801e+00 1.86375010e-01 1.61955962e+00
 3.73474132e-01 1.49130213e-01 1.17057181e+00 6.31061093e-02
 1.04413462e+00 6.46213606e-01 1.93622830e+00 5.48513458e-01
 5.77047791e-01 1.46229586e+00 1.00335623e+00 3.20862177e+00
 1.81000296e+00 3.65955969e+00 2.03964348e+00 5.98948177e-01
 4.41425838e-01 4.36447950e-01 1.44841141e+00 1.88963365e-02
 1.73735746e+00 7.36053804e-01 2.79463560e+00 8.78908740e-01
 1.55355292e+00 2.65843319e-01 2.02821125e+00 5.41197366e-01
 2.47588046e-02 2.82406829e-01 3.03513659e-01 3.48374610e+00
 6.89499829e-02 7.98810613e-01 1.13416584e-01 4.13819488e-03
 1.98362931e+00 1.50825128e+00 5.82758704e-02 4.26821505e-01
 1.30923782e-01 8.14069931e-01 5.25047981e-01 5.06087212e-01
 3.06263500e-01 7.32630221e-01 7.08662585e-01 6.81867711e-01
 5.92310352e-01 2.03122650e+00 2.07006845e-01 1.01181026e+00
 1.57143459e-01 1.45401743e+00 1.54799917e+00 2.30910060e+00
 1.81653697e-01 8.57966449e-01 1.28853145e+00 1.70828809e+00
 4.98209176e-01 2.27910009e+00 1.49839409e-01 3.92882713e-01
 9.72635818e-02 2.97584446e-01 4.30528310e-01 3.27440029e+00
 3.41776717e-01 1.82346640e-02 2.61726170e-01 1.84040520e-01
 2.08740155e-01 9.03892744e-01 8.28345894e-01 6.88089774e-01
 3.53390354e-01 1.84719840e+00 1.24024944e+00 3.69999820e+00
 1.15013886e+00 1.99099944e+00 3.58971864e-02 1.85914495e-01
 5.08690881e-01 7.29082699e-01 3.47075419e-01 8.21023394e-01
 9.76561287e-02 2.59117036e-01 5.28838972e-01 9.38009695e-01
 1.59400868e+00 2.52389359e+00 6.19293570e-01 1.83272512e+00
 1.68252842e+00 1.98365665e+00 2.77604148e+00 5.13664318e-01
 4.59106597e-01 3.14455191e-01 1.04609590e+00 2.90486281e-02
 2.41907409e+00 2.60235044e+00 2.53622001e-01 1.53021384e-01
 2.05647964e-01 1.43492254e+00 1.29762916e-01 4.40764551e-01
 1.45779646e+00 1.61078068e+00 3.65098547e-01 2.65262073e+00
 2.12449846e-01 7.04546125e-02 6.93845664e-03 9.23585277e-01
 1.68266653e-01 1.37788545e-02 4.26427131e+00 8.41471920e-01
 9.01125866e-01 7.17840860e-01 3.06164526e+00 6.51475512e-01
 3.14939304e-01 3.24854742e-01 2.59288417e-01 7.08345798e-01
 4.34494803e-01 8.31542976e-01 8.65069543e-01 4.08885800e+00
 3.28338212e+00 8.06399934e-01 1.73592780e-01 8.85543241e-02
 1.67492613e+00 1.28896757e-01 7.30676132e-01 4.10976875e-02
 1.92010187e+00 7.58450869e-01 2.82310741e+00 4.02210332e-02
 3.99957896e-01 4.83798951e-01 2.77684921e-01 5.16949902e-01
 9.67082124e-01 1.06253737e+00 1.15516596e+00 2.86463851e-01
 1.07273193e-01 8.69190874e-03 5.50338962e-02 4.26594949e+00
 2.60300540e-02 1.48083210e+00 2.06962692e+00 1.09457910e+00
 6.02570676e-01 2.02116741e-01 9.28392739e-01 2.65801844e+00
 4.88351071e-02 1.28906499e+00 2.83979325e-01 6.46567753e-02
 4.76604292e-01 4.64855395e+00 3.85745838e-01 8.32982813e-01
 1.01530416e-01 9.04432485e-01 1.66759256e-01 3.03199458e+00
 5.48050065e-01 4.55187103e+00 2.05433185e+00 7.39638651e-01
 1.54898634e+00 1.62606262e-01 9.09257753e-02 2.22422932e-01
 4.25130458e+00 3.56548576e-01 1.72563272e+00 2.43551721e+00
 1.01369993e-02 2.76053006e+00 7.45502530e-01 4.16707833e-01
 4.85424080e-01 6.42305233e-01 1.28063459e-01 6.33231329e-01
 3.38823369e+00 1.42485094e-01 3.58727321e-01 4.79473741e-01
 4.25062913e-02 8.46855766e-01 1.03353455e+00 7.88583437e-02
 1.36580085e+00 1.45623889e+00 5.75687438e-01 9.76858343e-01
 1.07485887e+00 1.00018301e-02 1.60198239e+00 5.14441366e-02
 1.42259750e+00 9.28619494e-01 1.69315637e+00 1.60036640e-02
 1.16047373e+00 4.69040202e-01 7.91313610e-03 3.14116534e+00
 5.55325004e-01 3.23031121e-01 7.85582416e-01 6.08012113e-01
 5.25647573e-01 3.38116290e-01 9.64648451e-01 3.44416361e+00]