[9.89494824e-01 2.65555294e+00 7.86406667e-01 1.40131458e-02
 1.34901387e+00 4.21318830e+00 2.41844214e-01 2.25792100e-02
 4.11706568e+00 1.36137182e+00 1.61510636e-01 3.40917463e+00
 1.10010100e-01 1.07344028e+00 2.50902413e-01 4.82781873e-02
 1.91340554e+00 6.63786633e+00 4.75735196e-01 2.40878319e-01
 2.14341553e+00 7.04352670e+00 2.94581305e+00 1.16437062e+00
 3.01498566e-02 1.58910389e+00 5.79679660e+00 1.76847801e+00
 1.49366599e-01 8.03866350e-02 2.63741548e+00 1.11113522e+00
 2.42292886e+00 4.25051329e-01 7.79720576e-01 2.33766232e+00
 2.35645414e+00 2.25855661e+00 1.80688092e+00 6.16647808e-01
 1.74315474e-01 7.07876765e-01 3.01884808e+00 2.61874233e-02
 2.35431588e+00 1.92942179e+00 1.16538720e+00 1.11354577e+00
 4.53163659e-01 1.06186155e-01 1.38481771e-01 1.20532261e+00
 4.99186015e-01 1.58315521e+00 2.42255756e-01 7.36460403e-02
 7.23422194e-01 3.61959883e+00 1.13975765e+00 4.75561997e+00
 2.67792772e+00 1.68723047e+00 2.28597066e-01 7.55874152e-02
 2.75564974e+00 1.54067280e+00 2.95710094e+00 8.82759097e-02
 1.42385271e+00 2.38772301e-01 6.82050221e+00 4.82880898e+00
 2.25846448e+00 6.61921728e-02 1.29602262e-01 7.39151411e-01
 7.93439858e-01 5.69295194e-01 3.80612910e+00 2.66915973e-02
 7.41393830e-01 2.13466817e+00 6.41068487e-01 2.61277555e+00
 5.15966139e-01 9.82611350e-01 1.64202806e-01 4.33066336e-01
 3.36844775e+00 3.87787784e+00 1.14691846e+01 2.79104074e+00
 3.80148499e-01 2.55192863e+00 1.32532009e+00 1.52953422e+00
 4.42354631e-01 6.23673313e-01 1.31417659e+00 3.33326889e-01
 2.39427427e+00 9.85686088e-02 5.74192141e-01 3.15341180e+00
 1.20944851e+00 9.22883277e-03 9.51231427e-01 3.35748684e+00
 3.51131823e-01 6.46418897e-01 3.11949057e+00 1.22146912e+00
 1.80667589e+00 1.21720530e+00 9.17313313e-01 3.35311503e+00
 2.41163168e+00 4.12445136e+00 2.56217401e+00 2.24678792e-01
 4.79712229e+00 3.09310458e-01 8.10132977e-02 3.52187642e+00
 1.12725865e+00 9.40981285e-01 3.67487731e-01 1.53102120e+00
 6.03555842e+00 7.17642880e-01 5.81990837e+00 9.53327558e-01
 2.49452019e+00 1.35175265e+00 7.17468676e-01 9.51293701e-01
 4.39887199e+00 3.24042577e-01 1.24426678e+00 2.10143527e+00
 1.68626626e+00 1.71969975e+00 2.39561634e+00 2.38065845e+00
 5.19164952e-02 1.19457620e+00 5.21078201e-01 6.03562842e+00
 4.10919048e-01 2.05266195e+00 5.87675258e+00 1.64715904e+00
 2.75261187e+00 4.12875561e-01 3.20868601e+00 1.22260652e+00
 1.52840105e-01 8.44388063e-01 3.71977094e-01 1.70299453e+00
 5.47744276e-02 2.41976023e-01 4.46673135e+00 2.15325025e-01
 1.18374080e+00 2.04597297e+00 5.52523623e+00 5.58667951e+00
 2.78093920e+00 1.97544190e+00 1.75093107e+00 4.88234315e-01
 2.02348838e+00 5.94501796e-02 5.88108641e+00 1.34908166e-01
 5.07091857e-01 8.81537664e-01 3.16899354e-03 2.02626429e+00
 1.47876609e+00 1.51768636e+00 1.44404329e+00 5.76514007e-01
 5.48548232e-01 5.69907091e+00 3.31182401e-01 8.09223913e-01
 1.66257563e+00 2.13055513e-01 2.03135005e-01 2.35300306e-01
 8.82939202e-01 1.55084670e+00 1.59709470e+00 3.44950098e+00
 1.24008102e+00 6.49959247e-01 5.05193770e-01 3.59773518e+00
 1.24746854e+00 1.29297395e+00 4.64950264e-01 5.71270946e-01
 1.65542323e+00 3.05765689e+00 1.75748703e+00 1.45248645e+00
 2.32252776e+00 1.33350322e+00 1.83239607e-02 5.26897652e-01
 6.86530656e+00 2.11832806e-02 2.52162006e-01 4.53889204e+00
 8.79585424e-01 2.67048276e+00 1.79307870e+00 1.25697533e+00
 4.55745750e-01 2.19242853e-01 7.49667246e+00 1.66583912e+00
 8.51085196e-01 3.81796899e+00 6.19813328e-03 4.65349529e+00
 2.95252736e+00 8.23586425e-01 4.55550649e-01 3.41718941e-01
 3.96024646e+00 1.46862858e+00 1.61338489e+00 4.31324883e-02
 1.24400021e+00 3.22928556e-02 1.37492015e+00 1.27289464e+00
 1.82138788e+00 9.96926390e-01 2.07571880e+00 1.08862045e+00
 4.61077837e-02 2.62009779e+00 6.55279085e-01 5.64305910e-01
 1.21193065e+00 1.18011711e+00 1.00909287e+00 3.50794155e-01
 1.03242415e+00 3.12816767e-01 5.76585211e-01 6.43185407e-01
 1.26946279e+00 2.31537595e+00 1.53956961e+00 2.16280207e+00
 2.16501862e+00 1.33818406e+00 9.82924147e-01 1.83752069e+00
 7.32757493e-01 1.99485083e-01 2.33490361e-01 4.09642456e+00
 5.73842724e-01 6.94757732e+00 4.58548026e-01 2.49754624e+00
 1.58203534e+00 6.64890103e-01 1.89299392e+00 1.03915933e+00
 4.65563149e-02 2.30688250e+00 5.39242044e+00 1.21425962e+00
 1.54343655e+00 4.32058596e+00 5.79683919e-01 1.53253234e+00
 3.19781519e-01 6.59504798e-01 1.71042145e+00 1.39947488e+00
 1.46849388e+00 6.57523198e-01 1.30882773e+00 5.07825419e-01
 3.16532452e-01 3.82058001e+00 3.56019544e-01 3.61674169e+00
 6.71847877e+00 1.20809837e+00 5.31296300e-01 2.62354693e+00
 2.79473413e-01 1.57097254e+00 1.00498494e+00 2.07941778e-01
 1.19266204e+00 4.56320173e-01 3.64440713e-01 3.48827181e-01
 7.38122490e-01 1.90572913e-01 4.10681402e+00 1.78133531e-01
 4.06089708e-01 2.73244321e+00 2.02760614e+00 7.81584644e-01
 1.55056185e+00 9.46994056e-01 1.63502301e-01 1.30063363e+00
 2.04772013e+00 1.09923991e+00 4.28002681e+00 1.78899292e+00
 3.12095076e+00 1.43774675e+00 2.73760024e+00 1.26673406e-01
 8.37029112e+00 6.76712970e-02 1.00527259e+00 3.83356777e+00
 9.20911437e-01 2.49074488e-01 6.45406351e+00 2.93847674e+00
 4.08237413e-01 4.10210101e+00 4.71291019e+00 5.24615667e-01
 6.76755235e-01 5.93103747e-01 1.33940740e+00 2.37842197e-01
 5.16145998e-01 7.33456077e-01 2.11095005e-01 2.81003891e-01
 2.97301781e-01 1.81488824e-01 3.73389491e+00 1.92110158e+00
 2.13010918e+00 2.76010204e+00 8.69361077e-01 3.44712195e-01
 1.61005434e+00 4.57421429e-02 1.26873942e+00 6.06329276e-01
 2.30520601e+00 1.52893361e+00 3.23570578e-01 1.03521777e-01
 3.47753855e+00 4.27872352e-01 2.37682522e+00 4.16939347e+00
 3.59997000e-01 1.96660880e+00 8.44081816e-01 3.27475889e+00
 6.13141511e-01 6.83349547e+00 2.63559017e+00 1.04013138e+00
 1.71014505e+00 1.04005037e+00 2.83013045e+00 2.18588504e+00
 5.12176232e+00 4.09186329e+00 1.69469394e+00 3.51449802e-01
 2.44566860e+00 9.29467756e-01 7.03109447e-01 3.77515238e+00
 1.27193942e+00 1.43703244e+00 6.80932839e-02 4.56377584e-01
 4.25948645e+00 2.04812457e+00 1.95542772e+00 8.66386320e-01
 7.33311241e-01 3.74054325e+00 1.54099011e+00 4.36397865e-01
 6.39298783e-02 2.49924025e+00 7.91657673e-01 8.87976105e-02
 1.32009005e-01 2.56739155e+00 2.15911588e+00 8.02830656e-01
 8.26414332e-02 6.02762194e-02 4.39794711e-01 1.74638144e-01
 8.49949110e-01 7.83321867e-01 4.40308833e-01 9.83373406e-01
 7.80366892e-01 6.89219555e-01 2.27683993e-01 8.07273306e-01
 1.64797645e+00 9.07443854e-01 2.38387348e+00 1.63440277e+00
 5.29949553e-02 1.53703492e+00 1.29662183e+00 1.21387205e+00
 2.73618746e-01 7.49428757e-01 3.98241717e+00 3.97396878e+00
 2.80996613e-01 3.63532001e-01 3.99679161e+00 1.77625583e+00
 2.83429651e+00 1.17780306e+00 1.98373417e+00 4.26829001e-01
 1.57067100e+00 3.70609108e+00 6.67049652e-01 1.78500953e-02
 8.08056144e-01 9.75613941e-01 1.76568946e+00 9.43404259e-01
 1.56718466e+00 2.58481817e+00 1.40357326e+00 6.87912988e-01
 3.00429632e+00 9.45572303e-03 6.77171545e-02 1.65109669e+00
 1.88232597e+00 7.11391744e-01 1.91864142e+00 2.98689296e-01
 4.96536928e-01 1.22811302e+00 2.57906322e+00 1.62874586e+00
 3.42716751e+00 3.12023705e+00 7.80031638e-02 7.47697541e+00
 5.61897254e-01 1.31738983e+00 4.88642016e-01 4.17578593e-01
 3.95983942e+00 2.42654226e+00 1.90028153e-01 1.04078536e+00
 5.23757884e-01 1.70185290e-01 2.73875292e+00 7.78714237e-01
 3.01630910e-01 5.77508210e-01 3.38151431e-01 3.69784604e+00
 2.76423889e+00 4.13887217e-01 3.44575546e-01 7.26396337e-01
 1.04201140e+00 1.22642363e+00 2.84775920e-01 1.05725777e+00
 2.47325475e-01 3.79251538e-01 3.56915382e-01 6.10839914e-01
 2.55518364e+00 9.06199057e-01 4.52563556e-01 5.69964011e-01
 1.46335393e+00 1.22981760e+00 4.66036526e-01 2.47147073e-01
 1.12454654e+00 5.43245020e-01 4.73678136e-01 2.57840827e+00
 1.67526049e+00 1.58993655e+00 9.10350501e-01 6.36602348e-02
 5.24236905e-01 4.23709986e+00 2.29199131e-01 1.80528753e+00
 4.83662245e-01 5.15526656e-01 3.33324799e+00 1.27117465e+00
 4.40443862e-01 1.19353715e+00 1.29981612e+00 1.88670088e-01
 7.95295497e-01 1.72632258e+00 3.74624624e+00 1.69080716e+00
 3.91677366e+00 3.40909770e+00 1.38506818e+00 3.36453810e+00
 1.83177550e+00 5.39368206e-01 6.71353945e-01 3.22511760e+00
 1.42959367e-01 1.28463354e-01 1.44358745e-01 3.00761377e-01
 4.41014353e+00 3.60798990e+00 5.77259710e-01 4.29315867e-01
 5.97238740e-01 2.79566454e-01 4.12142705e+00 3.06331952e-01
 1.05140739e+00 5.21487795e-01 2.60088977e+00 1.02364053e+00
 1.24887859e+00 1.11355430e+00 1.71366796e+00 4.16753157e-01
 6.37163867e-01 2.16198407e-01 1.63147131e-01 2.17001536e+00
 1.37698990e+00 7.08653961e-01 4.98819777e-01 7.60330912e-01
 8.33501676e-01 3.23619925e-01 2.59764615e+00 3.82779716e-01
 1.07390428e+00 2.27575233e-01 2.44331045e+00 2.04316647e-01
 9.91930071e-01 8.62088509e-02 7.74336555e-01 1.80390742e+00
 7.12109868e+00 8.38914301e+00 2.06526042e-01 6.37982283e-02
 1.42602876e+00 3.49084061e-01 1.46121467e+00 7.45435372e-01
 5.55998181e-01 2.93972357e+00 9.75126463e-01 5.16106000e-01
 3.40841867e-01 1.67868136e+00 7.84425645e-01 1.29682293e+00
 1.26762361e+01 7.98774440e-01 2.27958471e+00 4.69734494e-01
 3.27074706e-01 1.02191667e+00 1.13713058e+00 3.25745453e+00
 3.09113053e+00 1.05379052e+00 1.70396223e+00 2.94175224e+00
 2.94566559e+00 3.10893807e+00 4.73775351e+00 4.74421982e-01
 7.43772462e-02 6.80649328e-02 5.23030444e-03 1.72719070e+00
 4.26363877e+00 3.65939581e+00 1.92161167e-01 2.03492294e+00
 3.70360503e+00 6.06977040e-01 2.36446786e-01 1.68016980e-01
 2.33056062e+00 1.11103756e+00 6.42627188e-01 4.02307717e+00
 2.09555388e+00 2.46589012e-02 2.35805120e+00 3.13272411e-01
 2.94647424e-01 1.44790067e+00 4.24455362e-01 1.13182381e+00
 1.25895451e+00 3.77819577e-01 5.42768345e-01 1.15869428e+00
 2.92666035e-01 1.62353453e-01 1.16398287e+00 6.10850460e-01
 2.70209732e-01 1.91912594e+00 8.50874402e-02 4.21125028e-01
 8.95938681e-01 7.64726878e-01 5.53429730e+00 1.15672835e+00
 8.84666051e-01 2.12301496e+00 4.84815411e-01 5.62987396e+00
 1.61700098e+00 1.93237745e+00 4.10661747e+00 1.18479319e+00
 3.63368344e+00 5.83584867e-01 4.84419453e+00 3.38771314e+00
 4.04200668e-01 9.11694738e+00 1.46852800e+00 2.23082911e+00
 1.12573344e-01 2.34748278e-01 3.49575526e-01 8.72750851e-01
 1.13821021e+00 1.05166105e+00 3.58868191e-01 1.20994034e+00
 3.67941214e+00 8.88033007e+00 7.00042689e-01 4.64167813e+00
 8.68206333e-01 6.96750840e-01 8.76505329e-01 1.44261229e+00
 3.21413410e-01 5.95644425e-02 1.23043592e+00 9.54885392e-02
 7.77067598e+00 4.87269065e-01 2.78724521e+00 5.13075577e-02
 1.69332958e+00 1.93732896e+00 1.44350769e+00 1.14104220e+00
 7.77552424e+00 5.82039474e+00 2.02362514e+00 8.34670734e-01
 3.13238446e+00 1.68951120e+00 7.87691915e-01 7.33277173e-01
 5.79507844e-02 2.75507459e-01 8.05069556e-01 9.94979310e-02
 1.86300120e+00 5.55602092e-01 5.55389074e-01 2.05751516e+00
 1.13969053e-01 8.58429069e-01 7.73604244e-01 3.87934587e-01
 1.31616817e+00 3.96459194e-02 1.30919320e+00 1.66887861e-01
 4.07531309e-01 1.22814349e+00 4.76952644e+00 9.69481805e-01
 2.65375897e+00 3.97424988e-01 2.53383381e+00 1.05392890e+00
 1.59792547e-01 3.43303510e+00 1.05376379e+00 5.87042771e+00
 1.97180296e+00 6.71036409e+00 4.54025295e+00 1.26913764e+00
 9.79891177e-02 8.57771261e-01 4.74056130e-01 4.22190059e-01
 3.70282907e-01 8.32637675e-01 6.24601924e-01 3.72115521e-01
 2.90619027e+00 7.37435778e-01 5.80565532e-01 8.61679727e-01
 7.26636419e-01 1.65261403e+00 3.01382217e+00 7.34676414e-01
 3.39513379e-01 4.50654907e-01 1.22036025e-01 9.89101077e-01
 1.09716552e+00 4.46832208e+00 5.43439992e-01 4.52704312e-01
 3.77004446e-01 1.02728770e-01 2.88313792e-01 6.52066017e-01
 3.16107402e-01 8.34617800e-01 1.14043152e+00 1.61755183e+00
 1.03854480e+00 3.65549429e+00 7.90630535e-01 5.53135238e-01
 2.57718662e+00 6.07045459e-01 1.08900771e+00 1.19765775e+00
 1.12763176e+00 1.73853994e+00 6.54379091e-01 1.32116644e+00
 3.34215130e-01 1.67879354e-01 2.04984337e+00 4.12907674e-01
 7.61082916e-02 2.85528634e-01 7.31491311e-01 8.77754394e-02
 1.02788875e+00 1.20974014e+00 7.99524774e-01 2.25991149e-01
 1.10758356e+00 9.07233250e-02 1.10067584e+00 3.87008812e+00
 2.72294097e+00 5.92412271e-01 1.47327212e+00 1.21821939e+00
 2.11696416e+00 1.83389156e+00 3.44903698e+00 1.83350818e-01
 6.76398809e-02 3.02530648e+00 1.67665408e+00 3.69909079e+00
 1.16283768e+00 2.90765099e-01 6.69140567e+00 6.38800299e+00
 7.36152802e+00 1.05033670e+00 1.09771504e+00 7.99391683e-01
 1.72476777e-01 3.20037814e+00 1.14267963e+00 2.70850490e-01
 6.87977044e-01 4.01611023e+00 5.24277959e+00 1.69284238e+00
 7.23385110e-01 5.35519579e+00 6.83791405e-01 1.20716116e+00
 9.67828905e-01 3.77009829e+00 3.37120955e+00 2.03513064e-01
 2.37252402e+00 1.00554975e+00 7.89057781e-01 1.23287422e+00
 1.45474006e+00 4.26605655e+00 5.77778515e-01 3.36898509e-01
 5.49063137e-02 5.79092279e-02 2.54749339e-01 3.35646178e-01
 2.49508363e-01 9.29238048e-01 1.07992231e+00 1.24903339e+00
 6.98239503e-01 1.30541977e-01 1.47328554e+00 4.16385486e-01
 1.22429054e+00 4.72065398e-02 3.28457424e-01 8.41408048e-01
 5.55087204e+00 2.33289750e+00 4.04624938e+00 1.42769254e+00
 2.75566460e+00 3.49307603e-01 3.49596292e-01 1.34239630e+00
 4.98307808e+00 2.57130008e+00 8.25430743e-02 1.23502970e-01
 1.41343916e+00 5.04597218e-01 6.70227610e-01 1.19386603e+00
 5.15221416e-02 3.24061903e+00 5.14510323e-01 3.75198582e+00
 7.86873294e-01 6.51450844e-01 9.47465350e-01 3.60622449e+00
 9.64487433e-02 5.31362111e+00 4.41600959e+00 9.61080427e-01
 7.48090436e-02 9.60466519e-01 3.95429651e-01 9.99260174e+00
 2.31557877e-01 1.55581412e-01 4.24197286e+00 1.02423588e+00
 5.12382779e-01 2.34585451e+00 3.03037622e+00 1.78502946e-02
 3.78443694e-01 1.82140933e+00 3.79143086e+00 1.06077792e-01
 1.63460086e+00 1.02391044e+00 1.19111304e-01 1.42383231e+00
 1.07000873e+00 3.70390827e-01 2.20421906e+00 1.91818065e+00
 1.13041415e+00 1.00111870e+00 9.68133167e-01 1.59004435e+00
 1.30818205e+00 8.25512332e-01 2.98085650e+00 4.46365468e-01
 1.42629416e-01 1.22493168e-02 4.01520156e+00 8.12090917e-01
 3.98017007e-01 2.46403553e+00 1.37759775e-01 7.24682864e-01
 2.41726630e+00 7.07069648e-01 2.20011578e+00 1.35787709e-01
 1.42489186e+00 1.84111609e+00 5.55013389e+00 1.65008704e+00
 1.61278115e+00 1.86538768e+00 2.81731607e+00 6.21194503e+00
 1.39753318e-01 1.01893489e+00 2.53084214e+00 7.33144059e-01
 3.80667647e+00 1.57580175e+00 6.05171829e+00 2.75414564e+00
 1.93125046e+00 6.77152343e-01 1.00499844e+00 1.46966992e+00
 5.08806559e-01 2.68532787e-01 7.80616338e-02 2.66405857e+00
 1.23149567e+00 2.59902027e+00 2.32195762e+00 9.06892108e-01
 1.74006621e+00 3.07267203e-01 4.88731801e-01 2.04746706e+00
 1.29623090e-01 5.97478046e-01 2.41589341e-01 3.14748581e+00
 1.75170623e+00 3.23418551e+00 2.87415627e-01 2.98729847e+00
 3.05862105e+00 5.03443250e+00 1.52553771e+00 4.52326117e-01
 1.79342065e-01 1.92079879e+00 2.26076401e+00 4.57394813e+00
 1.55207242e-02 1.47281256e+00 1.08432730e+00 2.38121457e-01
 4.06296711e+00 1.28448901e-01 3.06445379e-01 2.13629386e+00
 1.22718730e+00 5.85893148e-02 5.92399826e+00 2.17314486e+00
 1.19836939e-01 1.75323566e+00 1.75542547e-01 4.28651640e+00
 1.08153003e-01 1.28552626e+00 1.90629139e+00 1.51259479e+00
 1.15835257e+00 1.35644856e+00 5.09472998e-01 4.99361866e-01
 3.22523776e+00 1.47371723e+00 9.58601627e-01 9.77081281e-03]